star_ID,Period(yrs),Radius(REarth),a(AU),BBtemp(K),planet_type
6237,0.900432,0.956981,1.10587,415.129,0
285,0.263130,0.708652,0.365106,339.193,0
3316,2.49985,0.728602,2.16136,288.768,0
4453,0.152916,0.779345,0.256372,413.678,0
3500,0.0428608,0.715349,0.0859273,375.429,0
579,0.110651,0.570193,0.208291,468.661,0
1837,0.0562913,0.969564,0.101899,334.732,0
5931,0.0491225,0.599051,0.0756845,225.815,0
1714,0.403778,0.889195,0.603845,467.004,0
1807,0.151776,0.900372,0.295725,567.721,0
894,0.258419,0.857985,0.358067,335.901,0
4453,0.341263,0.984131,0.437820,316.556,0
1999,1.27399,0.901379,1.27801,307.570,0
2105,0.276966,0.656712,0.420523,418.709,0
2799,0.222002,0.546400,0.367619,463.394,0
599,0.0950038,0.846161,0.193469,523.127,0
4453,0.321833,0.759076,0.421039,322.802,0
1363,0.791624,0.938195,0.918380,350.444,0
6936,1.82856,0.932510,1.65916,284.562,0
1824,1.39855,0.947303,1.45011,341.699,0
6813,0.737010,0.914573,0.833503,323.187,0
1132,0.175432,0.542522,0.306267,474.652,0
5637,0.345058,0.914802,0.542193,489.069,0
3513,0.0738694,0.519527,0.123330,312.114,0
610,0.446540,0.636525,0.545453,315.471,0
598,0.274053,0.584915,0.441230,472.398,0
894,0.0952432,0.529622,0.184065,468.498,0
2046,0.175464,0.939071,0.369074,705.328,0
6601,0.0755045,0.835264,0.141870,404.503,0
2388,0.444711,0.549173,0.605426,396.596,0
6482,3.27698,0.796533,2.73214,295.865,0
1215,0.510748,0.757445,0.577558,281.600,1
4936,0.223772,0.896202,0.262529,223.459,1
1234,3.42860,0.972297,2.54330,234.757,1
5236,2.30109,0.514901,1.79948,226.157,1
3739,0.958674,0.793278,0.957698,274.025,1
7199,0.411574,0.941563,0.473473,269.353,1
2117,1.78454,0.951701,1.42837,216.009,1
288,1.97746,0.770394,1.60562,231.422,1
894,0.470060,0.568737,0.533561,275.170,1
6307,1.90739,0.723990,1.58051,238.387,1
1146,1.34193,0.569638,1.20085,246.030,1
5544,0.500432,0.946068,0.515342,229.062,1
5540,1.41685,0.903696,1.15944,207.641,1
3343,2.11083,0.688792,1.72919,241.673,1
2758,0.862209,0.698838,0.830930,243.981,1
48,1.00524,0.769212,0.965716,256.708,1
535,2.09467,0.582677,1.63479,217.400,1
5901,0.163559,0.826149,0.196794,209.628,1
3766,0.837580,0.963754,0.767624,216.895,1
2974,0.406138,0.680631,0.434223,229.385,1
6237,4.08666,0.673883,3.03143,250.732,1
6345,0.559060,0.785504,0.623353,282.724,1
295,3.06609,0.875406,2.23457,216.829,1
6453,1.33174,0.818918,1.14768,226.458,1
4549,0.631021,0.862999,0.668294,265.206,1
4936,0.162722,0.563157,0.212295,248.495,1
3316,5.00953,0.941653,3.43544,229.046,1
3343,2.36593,0.845102,1.86584,232.655,1
6276,1.09989,0.811836,1.08691,281.938,1
6237,5.46271,0.823875,3.67853,227.613,1
5749,3.09146,0.875471,2.26821,220.620,1
579,0.766384,0.676970,0.756831,245.864,1
2597,1.26530,0.674449,1.12369,236.805,1
6237,5.46271,0.881617,3.67853,227.613,1
1963,2.81818,0.634964,2.08682,217.303,1
6307,2.08359,0.678266,1.67641,231.468,1
6457,1.65694,0.947943,1.40380,237.051,1
3627,0.863391,0.876394,0.889157,281.074,1
6127,0.807157,0.714046,0.801564,253.686,1
1405,4.07341,0.940671,2.77057,208.275,1
553,4.78834,0.982420,3.20225,213.488,1
3746,1.91564,0.595978,0.928156,76.3394,2
6337,0.814956,0.848409,0.672562,171.811,2
3500,0.997508,0.732156,0.700437,131.495,2
1083,4.36077,0.533000,2.89013,202.217,2
4157,0.320634,0.615181,0.285857,142.693,2
6337,1.86694,0.877732,1.16877,130.332,2
4236,2.89159,0.754124,1.99767,189.333,2
7199,3.82358,0.876938,2.09239,128.129,2
5610,1.57116,0.604284,1.19605,185.112,2
5737,0.0713402,1.64766,0.165032,616.027,3
4200,0.773010,1.56390,0.874388,329.156,3
3316,0.273136,1.56034,0.493973,604.034,3
3500,0.0280627,1.32086,0.0647904,432.353,3
5055,1.63102,1.41718,1.53871,296.148,3
6453,0.312542,1.32129,0.436663,367.134,3
5162,0.266711,1.10234,0.419001,443.853,3
7009,1.63853,1.27143,1.53363,291.717,3
4635,0.212571,1.04494,0.398339,592.937,3
6237,2.15361,1.11500,1.97779,310.416,3
4453,0.301978,1.09101,0.403540,329.727,3
3282,0.382636,1.70289,0.515154,366.096,3
3812,0.185451,1.03341,0.323013,482.275,3
1714,0.672548,1.68731,0.848488,393.968,3
579,0.110651,1.08062,0.208291,468.661,3
3812,0.457467,1.58647,0.589713,356.931,3
1215,0.467120,1.16928,0.544181,290.107,3
3760,1.59508,1.46225,1.55161,313.435,3
6101,2.92427,1.53474,2.51558,302.991,3
4360,0.284665,1.02700,0.399232,357.376,3
3986,1.67165,1.41979,1.64307,326.113,3
2822,0.179387,1.49074,0.284564,390.485,3
6232,0.436969,1.00942,0.562108,349.287,3
288,0.0556314,1.09733,0.148520,760.912,3
3812,0.185451,1.05398,0.323013,482.275,3
4528,0.376590,1.22077,0.527072,395.193,3
6057,0.0996058,1.72546,0.150387,281.954,3
4635,0.946341,1.27061,1.07799,360.435,3
794,0.714222,1.42608,0.814942,325.492,3
2046,1.20929,1.20598,1.33662,370.632,3
6015,0.417291,1.15247,0.582078,407.776,3
2859,0.191713,1.05548,0.320284,446.914,3
1215,0.205238,1.18924,0.314506,381.606,3
1824,3.31461,1.68670,2.57773,256.286,4
6918,2.33012,1.00600,1.98456,272.413,4
3277,2.40633,1.48117,1.91705,239.236,4
794,2.63290,1.69476,1.94474,210.704,4
1132,1.51318,1.29251,1.28812,231.445,4
314,2.90905,1.22088,2.30420,253.745,4
6150,2.31444,1.36449,2.01810,285.646,4
3739,2.11304,1.12521,1.62201,210.561,4
285,0.824148,1.45323,0.781584,231.829,4
5624,3.70248,1.01808,2.85697,262.750,4
1277,0.726927,1.41216,0.721458,243.609,4
5213,1.27198,1.33900,1.17884,259.780,4
5901,0.144544,1.69464,0.181230,218.444,4
6307,2.08359,1.60625,1.67641,231.468,4
285,0.629607,1.68905,0.653158,253.599,4
6174,1.61581,1.27628,1.43897,261.084,4
5557,0.200328,1.29616,0.234679,213.705,4
2689,1.57081,1.45691,1.29149,218.002,4
5540,1.00396,1.72245,0.921531,232.906,4
3343,2.28703,1.02614,1.82413,235.300,4
224,0.809903,1.13047,0.822296,266.245,4
6484,2.58870,1.26593,2.13819,265.496,4
2341,1.38347,1.09475,1.16717,219.565,4
5544,0.480743,1.05889,0.501735,232.148,4
285,0.837728,1.10131,0.790146,230.570,4
6237,2.88591,1.51989,2.40394,281.561,4
3812,0.939001,1.37925,0.952455,280.855,4
6484,2.07955,1.00953,1.84773,285.603,4
3656,4.83626,1.01614,3.44266,244.687,4
1271,2.05597,1.34466,1.81763,281.368,4
3844,4.64028,1.71098,3.20647,226.184,4
6321,0.667309,1.72099,0.675950,246.377,4
1824,5.82802,1.62034,3.75517,212.339,4
7009,3.21684,1.25064,2.40456,232.972,4
1405,1.54699,1.01126,1.45297,287.604,4
6097,3.13975,1.35406,2.27001,215.078,4
958,4.34356,1.13215,2.92808,209.344,4
5626,3.20183,1.07904,2.32994,219.668,4
1132,1.22584,1.24905,1.11940,248.275,4
4635,2.54451,1.37731,2.08442,259.204,4
285,1.11684,1.09825,0.957121,209.495,4
535,1.00753,1.66427,1.00359,277.468,4
5364,1.26567,1.60712,1.11106,231.064,4
3062,4.14583,1.40078,3.17080,269.010,4
803,3.82036,1.25855,2.68058,217.224,4
5223,0.122408,1.21111,0.172668,263.641,4
3485,0.155267,1.70508,0.198206,233.125,4
1440,0.873484,1.26594,0.841377,244.914,4
3884,2.29426,1.43651,1.80751,229.497,4
5624,4.26036,1.67221,3.13719,250.740,4
288,1.45572,1.65912,1.30905,256.300,4
2380,5.44157,1.18112,3.64595,224.872,4
4936,0.199220,1.63355,0.242958,232.286,4
2467,5.47925,1.01791,3.66787,225.020,4
4082,1.75835,1.67904,1.42877,221.803,4
5087,4.01663,1.72430,3.13925,278.356,4
803,3.90825,1.34491,2.72153,215.583,4
2388,1.22392,1.32248,1.18899,283.002,4
7009,3.74298,1.40976,2.66008,221.501,4
7495,0.225806,1.25972,0.262266,219.480,4
6091,1.50105,1.59895,1.26267,224.986,4
1271,3.30698,1.43280,2.49526,240.143,4
7295,18.1540,1.57816,7.60352,130.185,5
3500,0.997508,1.01449,0.700437,131.495,5
5107,8.90021,1.42664,3.95217,112.831,5
3195,5.53008,1.05027,3.23463,169.512,5
97,11.2394,1.34928,4.83067,114.899,5
4229,4.67883,1.60883,2.51599,133.159,5
6453,8.78380,1.25702,4.03641,120.753,5
4390,2.97885,1.47722,1.49481,97.0536,5
6742,1.76957,1.05116,1.06490,117.454,5
4608,0.273250,1.57964,0.216972,105.071,5
2129,10.6189,1.28344,5.37221,159.052,5
5901,1.78584,1.52926,0.968553,94.4914,5
5931,0.859429,1.05972,0.510067,86.9849,5
2734,14.3823,1.17866,6.04713,120.282,5
5642,8.06697,1.73711,4.29171,159.661,5
2822,6.13094,1.03331,2.99690,120.326,5
4278,9.08618,1.13621,4.36500,134.401,5
7329,12.1175,1.21091,5.62688,139.299,5
2974,3.26333,1.60889,1.74196,114.526,5
5540,7.48993,1.64882,3.51844,119.196,5
794,5.11375,1.65622,3.02736,168.877,5
3766,3.59191,1.05484,2.02620,133.501,5
493,15.3721,1.51631,7.03872,147.824,5
1658,10.3625,1.49525,5.60061,181.360,5
3703,4.55566,1.42712,2.63453,153.863,5
4113,5.25751,1.14053,2.07046,71.7601,5
2046,6.23699,1.12073,3.98999,214.517,5
6601,1.33137,1.39171,0.961117,155.410,5
5902,0.722745,1.35016,0.513542,119.496,5
958,6.64470,1.67791,3.88749,181.685,5
6482,5.69189,1.25888,3.94783,246.131,5
5236,5.84193,1.35636,3.34886,165.782,5
1779,4.47206,1.16878,2.43329,134.239,5
3884,14.3888,1.63527,6.14708,124.446,5
807,1.96147,1.44438,1.45238,189.676,5
5383,7.58865,1.62908,4.14842,165.317,5
4389,9.12182,1.23420,5.16916,191.196,5
6276,8.97153,1.10446,4.40425,140.061,5
1440,1.84484,1.68723,1.38503,190.888,5
1083,4.36077,1.40523,2.89013,202.217,5
4291,9.32111,1.68223,4.92560,166.155,5
7129,7.46158,1.35031,4.40741,193.660,5
1277,8.91897,1.19284,3.83790,105.622,5
2948,2.87490,1.16401,2.07446,207.223,5
5616,11.3251,1.08317,5.83892,169.623,5
6150,9.21920,1.33062,5.07117,180.196,5
1146,4.06790,1.14472,2.51525,169.997,5
2758,6.62677,1.36021,3.23611,123.631,5
2974,3.26333,1.37469,1.74196,114.526,5
1137,6.01714,1.24996,3.31300,153.865,5
6057,3.54056,1.54644,1.62581,85.7530,5
285,3.48746,1.00668,2.04477,143.329,5
5779,12.7623,1.15615,6.28371,160.857,5
6150,9.21920,1.37910,5.07117,180.196,5
6288,0.332780,3.32729,0.483767,408.960,6
794,0.703540,2.71956,0.806796,327.131,6
3339,0.127380,2.69773,0.178913,265.180,6
6394,0.356183,2.46987,0.491205,375.069,6
5236,0.465474,3.45580,0.620092,385.262,6
5274,0.140864,3.44058,0.252346,461.792,6
2689,0.580266,2.86406,0.664909,303.826,6
6198,0.662356,2.10535,0.859365,415.739,6
7259,0.0382525,3.48935,0.0836219,432.393,6
1363,0.296812,3.48745,0.477527,485.994,6
4843,0.412864,2.70562,0.643610,514.357,6
2715,0.472615,2.90360,0.682105,459.355,6
1392,0.442539,2.67125,0.599078,391.148,6
5015,0.395608,3.16589,0.530668,367.823,6
1896,0.764872,1.98700,0.885512,344.438,6
6321,0.322458,2.55176,0.416241,313.968,6
4714,0.213606,2.37248,0.342647,426.905,6
5036,0.217222,3.30279,0.402758,584.442,6
2734,0.404613,1.79588,0.559360,395.483,6
5624,2.03848,2.68439,1.91918,320.581,6
4728,0.214197,2.03069,0.336227,408.105,6
4389,0.839388,2.76024,1.05360,423.499,6
3360,0.447694,3.05487,0.682318,505.370,6
7204,0.626649,3.35562,0.756863,349.722,6
4390,0.0838034,1.80320,0.138270,319.110,6
2117,0.290326,2.29976,0.425679,395.687,6
97,0.316196,2.39145,0.446837,377.786,6
6307,0.361723,3.02074,0.521702,414.925,6
3812,0.185451,3.25911,0.323013,482.275,6
4390,0.0838034,3.15916,0.138270,319.110,6
1290,1.07159,2.96219,1.22715,381.906,6
119,0.0432520,2.59011,0.0906314,413.819,6
553,1.33611,2.95915,1.36739,326.705,6
3195,0.222424,2.60326,0.379715,494.748,6
4113,0.160700,2.42749,0.202407,229.512,7
6700,2.40206,3.05714,1.86324,225.893,7
6288,0.992641,3.21332,1.00244,284.099,7
5364,1.32725,2.54171,1.14681,227.434,7
6742,0.143070,3.46875,0.199112,271.628,7
1999,2.67909,2.53765,2.09771,240.069,7
3195,2.23933,2.77437,1.77044,229.125,7
4635,3.03382,2.58663,2.34374,244.444,7
5521,2.72253,2.92413,2.23533,267.147,7
3258,1.25057,2.57951,1.18363,269.928,7
2341,1.37576,1.90095,1.16283,219.974,7
5637,3.81737,3.15554,2.69196,219.489,7
6127,0.659229,3.48504,0.700363,271.396,7
7204,2.19465,2.45419,1.74546,230.291,7
6015,1.84856,3.11413,1.57004,248.289,7
3703,1.05249,3.33320,0.991932,250.752,7
1215,0.600671,3.49014,0.643500,266.781,7
3195,2.15814,1.81486,1.72739,231.963,7
4062,2.05911,2.89396,1.63424,223.851,7
610,0.594975,3.10428,0.660465,286.690,7
1271,2.54603,1.81550,2.09606,262.014,7
1885,4.12812,1.96987,2.89442,223.284,7
4157,0.0844303,3.00841,0.117438,222.624,7
803,1.50326,2.83240,1.43940,296.436,7
610,0.898075,2.95420,0.869079,249.924,7
1896,1.49894,1.76814,1.38673,275.241,7
68,3.84801,2.81542,2.72605,222.306,7
4983,3.92675,2.69260,2.80361,227.743,7
1714,1.55021,1.93587,1.48055,298.244,7
6198,2.48308,1.75528,2.07385,267.622,7
6237,4.93411,2.24120,3.43722,235.467,7
948,2.30917,3.41459,1.89937,252.115,7
5557,0.171746,3.10838,0.211789,224.957,7
6237,4.66503,3.33445,3.31109,239.910,7
3884,1.04029,3.30779,1.06681,298.726,7
4549,0.511564,3.14294,0.581038,284.423,7
6793,1.54951,2.64355,1.35995,249.173,7
3997,1.32563,3.35173,1.23678,267.600,7
5244,0.0771057,3.00249,0.118442,265.705,7
6383,2.85038,2.00473,2.14207,225.188,7
6175,2.14436,1.88611,1.70003,226.755,7
6097,2.73541,2.02603,2.07068,225.192,7
68,2.82507,2.82678,2.21852,246.426,7
3744,1.14703,2.07836,1.06264,249.698,7
2477,1.53396,3.21616,1.31783,237.209,7
6101,4.07111,2.83937,3.13643,271.351,7
2328,0.823869,2.96801,0.816663,254.650,7
3997,2.21355,3.33517,1.74075,225.561,7
5610,0.708363,2.72135,0.703244,241.411,7
6477,4.51565,3.48242,3.29304,251.038,7
1215,0.585260,3.25708,0.632446,269.103,7
6793,1.28791,2.99446,1.20222,265.015,7
6601,0.183024,3.05431,0.256006,301.122,7
1271,3.30698,3.03065,2.49526,240.143,7
4236,1.33312,2.21296,1.19219,245.085,7
5735,0.145952,3.34126,0.204549,277.766,7
4549,0.617927,3.49960,0.659017,267.066,7
5135,1.52544,2.45153,1.29048,229.094,7
7199,0.517597,2.75403,0.551642,249.540,7
4983,3.91572,2.18724,2.79836,227.957,7
7259,0.276845,2.86835,0.312875,223.539,7
5508,0.896984,2.05350,0.866887,249.116,7
6842,3.62519,2.60697,2.77784,256.835,7
1099,2.57166,1.95905,2.18924,282.394,7
224,0.748614,3.30641,0.780270,273.321,7
2715,16.7995,3.47267,7.37410,139.707,8
6321,2.55533,2.04010,1.65448,157.480,8
5593,2.50328,2.13541,1.25134,90.1847,8
6290,10.8484,2.56011,4.92692,127.478,8
262,16.3490,2.34274,7.49352,151.601,8
6276,8.97153,2.86215,4.40425,140.061,8
4728,6.07926,2.66682,3.12840,133.791,8
6793,10.8764,1.81490,4.98558,130.138,8
2799,7.89121,3.07106,3.97425,140.936,8
4549,6.78750,2.19323,3.25645,120.142,8
5152,1.61451,2.56175,1.16659,167.390,8
4883,8.06570,3.27287,4.03954,140.423,8
5557,2.46622,1.96844,1.25122,92.5515,8
127,3.47128,1.99435,2.34723,193.721,8
2948,11.5300,2.29688,5.23651,130.427,8
4883,8.06570,1.78162,4.03954,140.423,8
1215,0.961990,2.63291,0.880855,228.023,8
6237,5.46271,2.95700,3.67853,227.613,8
1271,3.30698,2.92924,2.49526,240.143,8
5236,5.84193,3.27439,3.34886,165.782,8
3036,6.81896,3.09776,4.08453,192.874,8
7204,8.35033,2.37214,4.25406,147.513,8
610,1.09354,1.97809,0.991003,234.046,8
2340,9.29525,2.44440,4.60360,144.621,8
598,9.74140,1.79010,4.77005,143.674,8
5540,7.48993,3.26010,3.51844,119.196,8
5540,7.48993,2.65839,3.51844,119.196,8
2758,5.10738,3.38145,2.72033,134.843,8
2450,1.46062,3.16748,0.828105,96.2933,8
6805,5.16128,2.53883,3.74808,261.591,8
3316,7.35925,1.77206,4.43956,201.485,8
5434,1.10929,3.45623,0.653013,94.0776,8
918,13.4392,2.92682,6.02983,134.617,8
4728,6.07926,2.97139,3.12840,133.791,8
6453,8.78380,2.95191,4.03641,120.753,8
598,9.74140,3.06882,4.77005,143.674,8
2020,8.80815,2.53618,4.19534,130.448,8
3739,4.17858,2.76111,2.55545,167.753,8
807,7.43134,3.35088,3.52971,121.670,8
2799,7.89121,1.98556,3.97425,140.936,8
3343,5.13846,2.87763,3.12918,179.653,8
2320,12.1512,3.16347,5.04942,110.131,8
2105,4.78217,1.75917,2.80924,161.999,8
6307,2.08359,1.93317,1.67641,231.468,8
2117,10.3199,2.59775,4.60193,120.344,8
7082,2.03874,2.33714,1.22385,123.208,8
4936,3.45323,3.25381,1.62726,89.7550,8
5236,5.84193,2.73764,3.34886,165.782,8
2734,14.3823,3.20320,6.04713,120.282,8
6015,13.3698,2.83953,5.87181,128.389,8
3330,15.3389,2.88602,6.30444,117.412,8
6345,4.27621,2.55168,2.41992,143.493,8
4728,6.07926,2.92897,3.12840,133.791,8
2734,14.3823,3.17250,6.04713,120.282,8
5135,11.4052,2.76237,4.93429,117.159,8
2948,11.5300,2.18446,5.23651,130.427,8
4549,1.97694,2.22971,1.43087,181.245,8
2340,9.55778,2.48984,4.68988,143.284,8
5637,8.83352,2.73093,4.70958,165.942,8
6654,1.64485,3.15982,1.09209,140.825,8
2528,2.25517,2.92553,1.52237,164.209,8
3346,13.1323,2.70922,6.25125,151.334,8
6793,10.8764,2.36675,4.98558,130.138,8
5236,5.84193,2.18317,3.34886,165.782,8
6015,13.3698,3.24770,5.87181,128.389,8
4714,2.68357,1.76885,1.85174,183.639,8
1837,1.94714,2.09132,1.08179,102.733,8
7199,3.82358,2.18211,2.09239,128.129,8
1083,4.36077,3.05781,2.89013,202.217,8
5135,8.93794,2.18727,4.19419,127.077,8
3670,4.90541,2.25680,2.62466,134.108,8
4390,2.94153,2.82759,1.48230,97.4623,8
2257,7.58274,3.10415,4.09809,161.303,8
5162,7.53380,2.20838,3.88625,145.741,8
2960,10.9642,2.49854,5.66744,168.496,8
5540,2.96641,2.66748,1.89752,162.309,8
2697,8.49343,3.16347,4.53634,164.137,8
2715,16.7995,2.41545,7.37410,139.707,8
4528,13.3861,2.36869,5.69808,120.193,8
4983,8.75060,1.81316,4.78323,174.359,8
4228,9.44179,2.12396,4.82332,155.371,8
274,8.43522,3.22631,4.12362,135.644,8
4714,2.68357,3.09275,1.85174,183.639,8
2649,10.4930,2.53744,5.49489,170.390,8
958,6.64470,2.29012,3.88749,181.685,8
626,4.99715,3.45884,2.76194,144.684,8
599,3.37698,3.03318,2.09156,159.103,8
6091,8.95032,1.85053,4.15196,124.072,8
5540,7.48993,3.05283,3.51844,119.196,8
7259,0.699435,2.03541,0.580379,164.128,8
3760,4.41397,2.13744,3.05830,223.253,8
5745,10.1599,2.06954,4.73147,131.194,8
5616,11.3251,2.12470,5.83892,169.623,8
5521,8.28210,2.69726,4.69302,184.372,8
5162,7.53380,2.09816,3.88625,145.741,8
1277,8.91897,2.22722,3.83790,105.622,8
4714,2.68357,1.99941,1.85174,183.639,8
7401,4.46750,2.61322,2.56860,150.868,8
2450,2.07286,2.40989,1.04578,85.6876,8
2974,3.26333,3.03440,1.74196,114.526,8
7401,10.8518,1.79660,4.64145,112.233,8
2105,4.78217,2.07332,2.80924,161.999,8
2257,10.2399,1.94411,5.00682,145.933,8
4200,3.79457,3.36122,2.52555,193.676,8
6484,6.42012,2.93049,3.91760,196.142,8
3485,0.884730,2.90511,0.632321,130.520,8
4062,10.4648,3.14961,4.83078,130.199,8
2257,10.2399,2.95763,5.00682,145.933,8
599,3.37698,1.89093,2.09156,159.103,8
5901,0.0502406,4.46658,0.0895912,310.686,9
6295,1.22835,3.87483,1.31211,346.720,9
1099,0.226033,4.15315,0.432779,635.141,9
6918,0.276341,4.87772,0.479044,554.463,9
1234,1.14619,4.62329,1.22506,338.251,9
5521,1.60152,4.04154,1.56933,318.833,9
6793,0.305982,4.86898,0.461167,427.892,9
3760,1.40288,5.39799,1.42432,327.141,9
68,1.08941,5.61481,1.17536,338.557,9
4803,3.17880,4.81704,2.42313,241.793,10
2450,0.0583154,5.26739,0.0967348,281.739,10
3884,1.63964,3.58175,1.44483,256.689,10
1885,1.71954,5.45132,1.61437,298.977,10
2656,1.41333,5.40211,1.38104,302.425,10
6522,0.169121,4.43719,0.234408,286.714,10
6601,0.247938,4.55843,0.313428,272.144,10
6015,1.32138,5.42581,1.25518,277.689,10
2948,2.10844,3.94252,1.68706,229.786,10
3316,4.85758,5.37656,3.36561,231.409,10
3330,1.00073,5.25310,1.02171,291.656,10
1837,0.126795,5.03303,0.175097,255.355,10
6453,0.634184,4.99399,0.699870,289.994,10
3500,0.104071,4.50466,0.155231,279.321,10
5055,1.75622,4.18896,1.61648,288.936,10
224,0.585255,5.24327,0.662170,296.695,10
4936,0.0971489,3.65460,0.150522,295.113,10
747,0.578311,3.50778,0.636942,278.955,10
5508,0.902991,5.26221,0.870754,248.562,10
5616,3.54742,5.43724,2.69305,249.763,10
6295,4.35166,4.39549,3.04925,227.441,10
6742,0.137271,5.74104,0.193694,275.400,10
894,3.38549,4.12910,1.98989,142.488,11
5135,5.23517,5.90718,2.93614,151.880,11
7511,5.94756,5.25181,2.99991,127.165,11
2450,0.498107,4.91783,0.404212,137.827,11
3670,4.22466,4.85065,2.37584,140.956,11
6091,1.88901,5.86804,1.47181,208.389,11
1405,12.5365,5.87209,5.86205,143.185,11
5931,1.39613,5.64231,0.704862,73.9954,11
261,8.94742,5.06084,4.32284,135.252,11
2328,9.04936,5.25875,4.03536,114.558,11
598,2.66236,5.59494,2.00888,221.393,11
2341,11.1437,3.95029,4.68999,109.533,11
1137,2.41890,3.51983,1.80456,208.481,11
5491,2.72430,5.04834,1.63635,137.529,11
2859,6.81459,5.97335,3.46253,135.924,11
5735,4.88876,4.89520,2.12547,86.1687,11
2340,9.55778,3.69429,4.68988,143.284,11
4062,10.4648,3.65627,4.83078,130.199,11
3627,3.83644,4.30532,2.40321,170.967,11
3109,7.45509,4.59780,4.07623,164.290,11
4278,13.7383,5.86538,5.75025,117.099,11
5544,4.18045,5.64991,2.12169,112.891,11
1837,0.810082,3.52235,0.602879,137.616,11
3766,4.99433,3.52657,2.52416,119.610,11
7204,8.35033,5.55682,4.25406,147.513,11
2537,12.3373,3.71290,6.18063,164.784,11
3513,0.854450,5.65303,0.630789,138.008,11
5135,11.4052,4.57187,4.93429,117.159,11
794,5.11375,4.59958,3.02736,168.877,11
2158,11.1556,4.96866,5.09016,130.106,11
261,14.8458,4.13936,6.05863,114.246,11
1807,5.39498,5.64888,3.19702,172.666,11
2822,6.37643,5.50672,3.07637,118.761,11
2537,12.3373,5.03648,6.18063,164.784,11
553,5.91821,4.69465,3.68801,198.933,11
6453,8.78380,4.83105,4.03641,120.753,11
3739,4.17858,3.83585,2.55545,167.753,11
3258,14.8913,5.59112,6.17210,118.206,11
2335,6.97641,5.81962,3.75077,154.616,11
7295,18.1540,5.36015,7.60352,130.185,11
493,15.3721,5.73992,7.03872,147.824,11
3277,13.7986,4.31967,6.14166,133.660,11
4930,14.6844,4.72886,5.99724,113.960,11
918,13.4392,4.11173,6.02983,134.617,11
2295,10.1058,5.64176,4.80446,136.805,11
6813,8.57445,5.13636,4.27953,142.630,11
6091,9.41025,4.54644,4.29300,122.017,11
3246,2.13218,5.02196,1.33900,137.903,11
6290,10.8484,5.20866,4.92692,127.478,11
5157,12.9424,3.67017,6.23140,154.196,11
3625,16.3706,4.49498,7.56785,154.457,11
4843,14.6756,4.46650,6.95794,156.436,11
2656,13.5341,4.76436,6.22774,142.415,11
7329,12.1175,4.84096,5.62688,139.299,11
127,3.47128,3.97388,2.34723,193.721,11
4228,9.44179,5.73225,4.82332,155.371,11
6654,0.448059,5.91247,0.458912,217.242,11
6457,13.7268,5.84833,5.74753,117.153,11
2715,16.7995,4.23554,7.37410,139.707,11
3195,0.755578,6.60146,0.858070,329.118,12
1083,0.427228,13.0995,0.614207,438.650,12
3062,0.505523,8.72888,0.779690,542.489,12
6918,0.518503,13.3736,0.728752,449.543,12
6057,0.0996058,12.7277,0.150387,281.954,12
3812,0.595609,7.53039,0.703139,326.877,12
6839,0.913140,13.7451,1.06828,376.372,12
1271,0.423554,10.8584,0.634016,476.405,12
1934,0.0814328,8.05005,0.145012,371.271,12
5737,0.0494845,13.4551,0.129318,695.913,12
626,0.140584,10.6028,0.255479,475.718,12
6477,0.406388,9.70277,0.661320,560.185,12
3062,0.808717,10.6520,1.06649,463.845,12
2859,1.32029,11.2960,1.15935,234.901,13
6383,1.44348,6.47853,1.36094,282.516,13
3812,1.62931,7.96045,1.37532,233.724,13
161,2.44231,11.2427,2.05131,269.167,13
295,1.89370,7.30152,1.62061,254.609,13
7401,1.15693,11.8707,1.04358,236.692,13
6477,4.82906,9.22552,3.44370,245.485,13
958,2.12270,11.0928,1.81668,265.775,13
1277,0.602491,10.1721,0.636577,259.343,13
1934,0.265206,11.3810,0.318611,250.474,13
7204,0.850139,7.37475,0.927529,315.913,13
1137,0.841286,7.41051,0.892463,296.454,13
807,0.936329,10.6226,0.887115,242.696,13
5236,1.54277,7.24041,1.37846,258.397,13
794,1.42594,12.7267,1.29213,258.494,13
286,2.41602,10.2677,2.06665,278.688,13
7495,0.0978745,7.13166,0.150210,290.012,13
2121,3.35378,13.2653,2.48818,232.899,13
1277,0.832866,12.4354,0.789952,232.809,13
1896,2.10964,7.52681,1.74157,245.605,13
1083,2.74967,14.1527,2.12518,235.819,13
3760,3.20283,9.84157,2.46954,248.445,13
1215,0.804231,13.8231,0.781708,242.051,13
7441,1.70131,9.56014,1.60072,299.157,13
6700,0.947074,8.81561,1.00185,308.061,13
5637,2.24981,10.1275,1.89230,261.790,13
2948,0.814635,11.7526,0.894949,315.494,13
794,2.15193,7.34054,1.70003,225.359,13
3997,2.21320,11.4959,1.74057,225.573,13
5749,2.81733,8.84226,2.13206,227.555,13
1290,8.42167,9.89925,4.85074,192.088,14
610,1.09354,10.9774,0.991003,234.046,14
3500,0.997508,14.1297,0.700437,131.495,14
2105,4.78217,9.41821,2.80924,161.999,14
2129,10.6189,9.02434,5.37221,159.052,14
4528,3.06889,12.1241,2.13441,196.383,14
6936,9.70222,12.4276,5.04735,163.151,14
7082,3.19396,11.2833,1.65084,106.084,14
2960,10.9642,10.5880,5.66744,168.496,14
2537,12.3373,13.6439,6.18063,164.784,14
4062,10.4648,13.3798,4.83078,130.199,14
1885,11.6067,11.5956,5.76590,158.200,14
5624,12.0675,8.94611,6.28043,177.215,14
314,9.77858,7.89587,5.17056,169.391,14
599,3.37698,8.03781,2.09156,159.103,14
1909,18.3711,9.62039,7.39179,120.077,14
1440,1.84484,13.5615,1.38503,190.888,14
4710,13.4024,10.2417,6.42680,154.890,14
5135,1.69450,6.36133,1.38415,221.206,14
1999,3.36545,14.0653,2.44221,222.494,14
1363,10.5504,13.8913,5.16245,147.809,14
2600,9.04041,6.02124,4.45513,141.613,14
6237,5.46271,10.6182,3.67853,227.613,14
3739,4.17858,6.53817,2.55545,167.753,14
3316,7.35925,9.12381,4.43956,201.485,14
794,5.11375,13.0261,3.02736,168.877,14
599,3.37698,14.2589,2.09156,159.103,14
4157,2.81050,13.8475,1.21525,69.2060,14
610,1.09354,6.48441,0.991003,234.046,14
5637,8.83352,12.3578,4.70958,165.942,14
6522,2.07376,10.2887,1.24646,124.336,14
3136,10.1707,11.4046,5.19892,159.976,14
4710,13.4024,6.25811,6.42680,154.890,14
4229,6.15638,12.7652,3.02112,121.518,14
6307,2.08359,10.7408,1.67641,231.468,14
4710,13.4024,6.01906,6.42680,154.890,14
5626,14.0744,7.49789,6.25222,134.098,14
285,1.19125,8.09884,0.999171,205.039,14
5152,8.95687,11.2370,3.65589,94.5565,14
4291,9.32111,8.74123,4.92560,166.155,14
261,14.8458,14.1417,6.05863,114.246,14
579,3.93317,6.83541,2.25180,142.538,14
7401,10.8518,13.2617,4.64145,112.233,14
2158,16.3589,11.3546,6.57011,114.519,14
1132,6.23586,9.75024,3.31099,144.360,14
6477,12.6341,12.8501,6.53854,178.155,14
6918,4.87094,11.8802,3.24454,213.051,14
3986,8.71393,8.94853,4.93971,188.081,14
3766,4.99433,12.4530,2.52416,119.610,14
1896,3.61832,7.79635,2.49540,205.182,14
3500,0.997508,10.1072,0.700437,131.495,14
2328,4.35643,9.94662,2.47870,146.168,14
3739,4.17858,10.3868,2.55545,167.753,14
2859,6.81459,7.85541,3.46253,135.924,14
3739,4.17858,7.25151,2.55545,167.753,14
3330,15.3389,9.04911,6.30444,117.412,14
747,5.81311,9.06602,2.96664,129.256,14
3316,7.35925,12.1337,4.43956,201.485,14
2597,10.8810,7.18044,4.71662,115.584,14
6793,10.8764,9.82416,4.98558,130.138,14
598,9.74140,12.0332,4.77005,143.674,14
1146,4.06790,6.59179,2.51525,169.997,14
3703,4.55566,9.95921,2.63453,153.863,14
6477,12.6341,8.78173,6.53854,178.155,14
6899,1.24174,9.72569,1.00078,191.325,14
2257,10.2399,11.0635,5.00682,145.933,14
3739,4.17858,13.3538,2.55545,167.753,14
6345,4.27621,11.8301,2.41992,143.493,14
288,1.97746,10.3792,1.60562,231.422,14
2020,3.09193,13.2194,2.08768,184.922,14
7329,12.1175,9.39545,5.62688,139.299,14
4549,2.59554,6.04574,1.71563,165.522,14
1149,2.25267,8.23180,1.65117,195.519,14
6700,1.93059,0.805475,1.61067,242.959,15
4883,1.81853,0.988562,1.49641,230.716,15
1440,0.973070,0.999201,0.904170,236.256,15
5152,0.383915,0.724811,0.447761,270.187,15
5162,1.52115,1.37696,1.33753,248.425,15
3617,0.858827,1.17754,0.815809,236.263,15
3627,1.72063,0.780533,1.40809,223.354,15
2467,5.69480,0.884491,3.76344,222.145,15
3513,0.149224,1.10192,0.197084,246.900,15
6700,2.54428,1.34697,1.93608,221.603,15
5931,0.0491225,0.793370,0.0756845,225.815,15
1837,0.137388,1.37077,0.184719,248.616,15
6097,2.85288,1.19703,2.12954,222.058,15
1714,2.32642,0.528976,1.94069,260.499,15
2656,3.05384,0.793229,2.30821,233.929,15
1083,3.23752,0.930722,2.36964,223.323,15
4157,0.0844303,1.30084,0.117438,222.624,15
6097,1.73262,0.573212,1.52721,262.217,15
5383,3.30136,1.17654,2.38178,218.177,15
5508,0.649024,0.879658,0.698683,277.487,15
4728,0.657004,1.18637,0.709797,280.880,15
4278,1.45158,0.635470,1.28516,247.695,15
5901,0.0821483,0.922531,0.124345,263.718,15
5749,2.32031,1.00126,1.87329,242.763,15
2689,0.744430,0.689688,0.785042,279.615,15
1963,1.32429,1.09796,1.26133,279.507,15
7204,1.73227,0.537328,1.49078,249.187,15
286,3.48184,1.35444,2.63676,246.727,15
4229,1.00253,0.789646,0.900911,222.528,15
5767,1.76685,0.803275,1.54367,259.229,15
5593,0.0856611,0.533401,0.131894,277.785,15
1807,1.93370,0.957569,1.61316,243.075,15
5213,1.50555,1.12447,1.31906,245.585,15
7199,0.512798,1.28760,0.548227,250.316,15
2859,0.836195,1.10331,0.855011,273.531,15
5737,1.61946,0.726080,1.32310,217.564,15
2859,1.45699,0.887425,1.23805,227.312,15
6237,4.54583,1.08333,3.25445,241.989,15
7009,3.63472,1.19101,2.60854,223.678,15
4229,0.567175,0.648250,0.616257,269.057,15
3766,0.382453,0.982408,0.455180,281.665,15
7295,2.46627,0.817380,2.00937,253.243,15
610,0.957103,0.535874,0.906755,244.677,15
274,1.28316,1.21213,1.17508,254.102,15
7401,0.839947,0.621314,0.842989,263.351,15
4236,1.24724,0.538446,1.14042,250.586,15
5383,3.30288,0.674075,2.38251,218.143,15
6198,4.60297,1.07035,3.12950,217.857,15
4930,2.08171,0.802097,1.63052,218.556,15
1440,1.25629,1.18775,1.07205,216.971,15
68,3.19704,0.547082,2.40921,236.472,15
3627,1.83417,1.23424,1.46938,218.647,15
1405,3.59454,1.04461,2.54894,217.141,15
5223,0.181842,0.908090,0.224803,231.057,15
