-5 50.000000 0.000000 30.070000
3625 -0.386533 -1.208362 7.567850
2715 1.141221 16.882688 7.374100
1909 -17.012393 -8.557722 7.391790
262 12.123202 -13.902167 7.493520
2734 -18.916612 7.850317 6.047130
493 -4.682068 -21.228129 7.038720
7295 -23.396468 23.529189 7.603520
4843 18.109339 23.554757 6.957940
4710 13.711442 -31.565518 6.426800
3258 -32.825949 -1.014371 6.172100
5779 -19.787083 -27.394462 6.283710
6457 -33.593497 -15.766422 5.747530
2158 -0.891484 36.815949 6.570110
3277 -3.171838 -38.043160 6.141660
1885 29.464956 -32.416824 5.765900
5157 -39.940249 17.512921 6.231400
2537 17.498633 40.831366 6.180630
5624 -16.914295 40.476089 6.280430
918 -33.611698 -34.081357 6.029830
261 -72.764663 9.609051 6.058630
3330 33.414555 40.332511 6.304440
3346 -47.542115 -5.277091 6.251250
3884 -37.805321 33.104819 6.147080
5626 -57.145219 9.165796 6.252220
4389 -45.847291 -22.406124 5.169160
4930 -62.001251 -10.955218 5.997240
5616 -58.397238 -28.707944 5.838920
6477 -54.721010 25.583057 6.538540
4278 50.581607 42.081462 5.750250
6015 -50.587038 40.054431 5.871810
3986 -70.438811 25.589344 4.939710
2320 12.777533 6.966975 5.049420
6936 47.735180 -38.336116 5.047350
7329 65.606058 -37.527301 5.626880
1405 -64.941289 37.845556 5.862050
6290 -72.540012 -20.810450 4.926920
2656 66.749932 40.291593 6.227740
1290 -47.052069 -36.787539 4.850740
4528 -71.933658 -34.610439 5.698080
1658 -81.048518 -7.861432 5.600610
2649 -31.377104 46.456867 5.494890
2960 78.787914 -25.740925 5.667440
6813 -21.542726 -41.768093 4.279530
1363 80.987016 29.830509 5.162450
6793 85.585039 12.787933 4.985580
5521 7.287643 51.785715 4.693020
4291 -8.097473 51.638395 4.925600
97 -86.329859 4.413718 4.830670
5637 25.658177 53.416557 4.709580
5745 -73.130802 52.295335 4.731470
3316 44.715210 53.490980 4.439560
2117 -20.364501 53.496992 4.601930
2129 86.702235 -14.127664 5.372210
4983 -42.636127 55.262555 4.783230
7204 -59.953144 51.331130 4.254060
2257 78.871009 49.430758 5.006820
3109 -87.200901 18.772409 4.076230
314 57.483564 54.122428 5.170560
2948 -86.571241 -21.858126 5.236510
4062 80.371551 -40.303488 4.830780
3136 90.486071 -0.532301 5.198920
2597 -83.027385 29.435307 4.716620
5107 20.124765 -44.848180 3.952170
6482 34.458626 -44.225126 3.947830
2341 -83.226026 42.197629 4.689990
6150 -59.352015 -43.619003 5.071170
598 -86.414559 -42.339816 4.770050
6091 -93.736715 35.736066 4.293000
2799 7.364778 -48.322472 3.974250
5135 -38.791845 -47.222749 4.934290
2340 -97.237113 -9.472539 4.689880
3036 -10.771241 -50.386100 4.084530
7401 55.064236 -49.569513 4.641450
2295 96.689605 -26.223731 4.804460
2600 -69.158539 -53.153329 4.455130
6453 -22.487277 -53.472915 4.036410
958 28.118961 -52.934450 3.887490
4228 43.064867 -52.834642 4.823320
2328 -53.494191 -54.022501 4.035360
2046 -9.223248 26.686998 3.989990
5162 73.119682 -51.772365 3.886250
2020 99.850690 9.551602 4.195340
1807 -1.689920 -55.740839 3.197020
5383 91.490996 23.586120 4.148420
2697 92.061395 42.340346 4.536340
1132 68.701375 55.300910 3.310990
7129 -103.224666 8.305540 4.407410
1779 23.099830 -22.664261 2.433290
1137 -29.850489 60.114273 3.313000
807 -0.466820 59.882886 3.529710
2467 99.331644 -10.759363 3.763440
2335 15.351657 -54.718226 3.750770
274 -95.775844 -34.942543 4.123620
4728 17.164527 59.553745 3.128400
4549 -83.589708 -53.454124 3.256450
2859 -65.603195 60.051970 3.462530
4200 -30.144055 11.689043 2.525550
5642 85.400005 -51.915555 4.291710
4883 -98.074968 19.693993 4.039540
794 -31.981701 -56.248773 3.027360
6805 -91.610124 50.541858 3.748080
2822 35.579192 57.850270 3.076370
6101 -43.298099 6.126491 3.136430
6276 93.434188 -43.310728 4.404250
1083 29.140034 29.366577 2.890130
6484 89.943545 58.270698 3.917600
3656 -83.457191 59.837665 3.442660
295 -11.127401 16.066732 2.234570
5540 -101.457327 -24.658805 3.518440
1146 -67.549428 -0.390826 2.515250
3343 -53.057686 58.491688 3.129180
5236 104.242792 -1.684655 3.348860
6198 100.754134 33.144785 3.129500
553 -100.529715 -46.751803 3.688010
5152 -109.971726 -9.319467 3.655890
5087 -12.821051 -61.470810 3.139250
286 7.436543 -61.277079 2.636760
7511 23.777676 -61.837465 2.999910
3703 32.478755 -61.826138 2.634530
579 -40.891693 -59.267439 2.251800
803 62.738110 -56.928654 2.721530
1824 53.883532 -61.036718 3.755170
4229 -76.050279 -45.786888 3.021120
2758 106.558363 24.655037 3.236110
626 -27.302137 -63.252890 2.761940
3760 70.924382 -63.105402 3.058300
3195 -61.769918 -61.210244 3.234630
6295 -78.784862 -61.083745 3.049250
1099 -27.004922 35.639448 2.189240
747 44.137179 -63.221999 2.966640
1234 -85.852127 -32.356554 2.543300
1999 -106.163590 -1.110927 2.442210
4113 -12.769956 60.868409 2.070460
3670 87.608699 -33.084600 2.624660
1714 -13.689296 -36.753594 1.940690
1277 97.460211 -57.682164 3.837900
4803 -49.233725 -62.649138 2.423130
1963 -7.779185 8.645595 2.086820
6097 6.920859 28.355946 2.270010
3627 83.711369 -62.521537 2.403210
6918 110.356927 -8.419361 3.244540
4635 0.617238 -64.742191 2.343740
5735 43.455188 34.251712 2.125470
6237 104.383971 -37.590602 3.678530
288 -29.812045 -44.667977 1.605620
68 14.492035 -65.192772 2.726050
3739 -36.037122 -65.576722 2.555450
894 -95.985823 2.359381 1.989890
3766 -98.716050 43.692894 2.524160
1271 62.356011 -64.913579 2.495260
6842 -92.890162 -52.779099 2.777840
7199 -64.177185 18.278443 2.092390
127 49.643270 61.367728 2.347230
5749 71.010844 29.935116 2.132060
5544 -71.579013 -64.710639 2.121690
7009 -108.073121 -35.841026 2.660080
6345 79.375565 61.386522 2.419920
6383 107.229033 15.425386 2.142070
2477 15.981656 -1.357119 1.317830
1896 -104.704858 36.055577 2.495400
6321 -42.028438 45.321622 1.654480
535 6.220282 -24.043495 1.634790
4390 6.881707 -39.584199 1.494810
599 8.160607 61.396360 2.091560
6700 -51.076968 50.652327 1.936080
285 -78.859349 20.978878 2.044770
6057 3.217182 -29.888825 1.625810
2450 -12.173585 -42.140846 1.045780
161 92.415292 32.590083 2.051310
4236 64.921255 -48.779105 1.997670
2974 -49.618165 -45.683913 1.741960
2528 36.580219 50.504323 1.522370
5767 56.337141 -33.785813 1.543670
6288 -11.228064 1.939692 1.002440
5434 10.576581 -3.179148 0.653013
1149 -71.134627 -6.137967 1.651170
2121 107.907258 -21.653776 2.488180
5610 11.731933 32.145828 1.196050
5737 16.168916 52.170450 1.323100
2689 11.830050 15.307294 0.785042
224 11.718466 -41.615971 0.822296
5213 -56.038440 -18.912775 1.319060
4936 -76.006931 37.117073 1.627260
3997 81.394004 40.318531 1.740750
3282 -5.620940 -10.438130 0.515154
3812 -6.406030 -66.404758 1.375320
5901 -0.002017 47.205777 0.968553
6175 77.637095 -59.845532 1.700030
6899 7.161505 43.363349 1.000780
3746 -35.209872 8.311786 0.928156
2105 111.779516 5.193871 2.809240
6742 -24.149682 -17.749674 1.064900
6654 -2.554089 -47.986069 1.092090
4714 -20.245985 -65.156416 1.851740
5491 58.853640 33.045856 1.636350
5557 39.595899 -33.796834 1.251220
6839 26.490894 62.686893 1.068280
5593 -59.640131 -1.411836 1.251340
3513 0.494083 -12.216759 0.630789
5055 -68.777810 -44.052524 1.616480
5902 18.705362 12.691671 0.513542
3617 37.060681 31.226247 0.815809
3360 -9.856211 -30.808776 0.682318
5364 -52.177511 -14.874754 1.146810
6394 -29.869218 -24.117706 0.491205
4157 28.308352 -67.413525 1.215250
6127 24.741253 34.375243 0.700363
3246 -19.353677 61.987392 1.339000
6307 100.219502 20.219896 1.676410
5015 -15.822617 -18.939112 0.530668
948 -91.816264 60.120200 1.899370
7082 -94.276809 11.028798 1.650840
1837 -73.714919 -0.979824 1.081790
3062 -29.681507 -50.029980 1.066490
6522 -54.895485 -66.536240 1.246460
6337 -47.620727 62.662133 1.168770
4360 -23.557802 -0.519311 0.399232
5508 -43.901871 -66.672526 0.870754
7259 9.598492 35.891183 0.580379
6601 -78.826139 -27.740446 0.961117
4453 -41.791146 -12.658967 0.437820
3485 -37.700236 -24.240996 0.632321
7441 42.933222 62.160149 1.600720
610 -45.889593 -55.443780 0.991003
5931 41.148514 46.343633 0.704862
1215 61.153245 62.079771 0.880855
5274 -11.463779 33.071831 0.252346
1440 56.585704 -41.020919 1.385030
3744 -37.214238 61.709030 1.062640
3500 5.281550 -55.418361 0.700437
6232 35.493025 -56.132693 0.562108
119 17.643946 -22.636675 0.090631
5244 -12.498371 20.875333 0.118442
2388 63.977751 31.358925 0.605426
5223 -15.681095 31.406181 0.224803
1934 23.382648 -38.552018 0.318611
7495 -27.364077 -8.468899 0.150210
4608 0.429949 27.570727 0.216972
5036 25.531506 45.517467 0.402758
3339 -33.713625 24.086014 0.178913
1392 -33.517094 -24.921621 0.599078
