-5 50.000000 0.000000 1.524000
3625 5.325287 0.978680 7.567850
7295 -12.718119 -2.006712 7.603520
6477 -3.340706 15.367751 6.538540
2715 2.608431 -19.077030 7.374100
493 14.653330 16.465431 7.038720
4930 18.547704 -11.645042 5.997240
262 29.314205 2.841027 7.493520
1909 -22.284963 -16.918702 7.391790
2158 -19.066316 19.843834 6.570110
2656 -29.270298 8.418395 6.227740
5779 -0.135893 30.519803 6.283710
3258 12.520821 -32.266007 6.172100
2537 -11.973687 -29.258822 6.180630
3330 24.482634 29.155591 6.304440
5157 36.089839 -15.568635 6.231400
4843 -38.644637 -6.121936 6.957940
1405 35.795798 17.973317 5.862050
5616 11.989212 39.929999 5.838920
3346 28.373399 -31.166040 6.251250
6015 -88.459297 15.125709 5.871810
4710 -21.396997 35.250893 6.426800
5624 -43.321044 17.426981 6.280430
3884 -40.064375 -22.972049 6.147080
5626 -51.406147 3.995425 6.252220
261 -44.749591 34.160425 6.058630
4528 43.598484 31.592166 5.698080
6457 52.127544 11.753788 5.747530
3986 -27.246807 -35.524719 4.939710
918 44.551736 -34.430124 6.029830
2734 -55.413190 -22.491485 6.047130
2129 50.197092 -12.520605 5.372210
3136 -58.031449 18.650798 5.198920
1658 -52.130953 -36.541048 5.600610
1363 -60.728188 -7.697632 5.162450
1885 58.456366 31.937575 5.765900
5135 -2.093174 -39.121107 4.934290
2295 63.169471 -9.517118 4.804460
5745 -2.713825 45.395390 4.731470
2649 34.044699 41.909633 5.494890
4389 65.171884 18.972780 5.169160
7329 60.643692 -27.383959 5.626880
2341 67.996863 4.851574 4.689990
1290 -65.428725 7.639397 4.850740
6793 -32.693510 46.561600 4.985580
4278 -57.794104 42.526545 5.750250
5637 -32.108251 26.574818 4.709580
2257 -39.073241 -39.467696 5.006820
7129 56.962478 -40.449718 4.407410
2960 -75.060909 -19.015794 5.667440
7401 48.567779 46.892573 4.641450
6150 -65.469099 29.590069 5.071170
4228 -71.388217 -36.972333 4.823320
4062 75.115253 -18.777188 4.830780
2597 22.470226 -44.554111 4.716620
3277 77.695793 -5.400356 6.141660
4983 -13.724767 -42.873596 4.783230
2340 -17.540514 48.730665 4.689880
6453 23.127297 46.985056 4.036410
3316 8.981992 -45.164585 4.439560
2117 70.464333 -40.715067 4.601930
4291 34.707506 -44.669154 4.925600
314 -75.162582 -1.543050 5.170560
2697 60.199535 48.908328 4.536340
6091 -44.929127 48.848581 4.293000
6813 -74.148936 16.264857 4.279530
2320 69.517017 39.565898 5.049420
6484 78.077764 27.551852 3.917600
5521 79.797536 10.556869 4.693020
1779 -9.232606 -15.308947 2.433290
2600 -76.522326 44.903378 4.455130
2948 83.938212 -41.064781 5.236510
3109 -29.262492 -47.354866 4.076230
2020 46.397241 -47.820718 4.195340
2328 41.855432 -4.014029 4.035360
6936 -81.302622 30.217648 5.047350
7204 86.183767 -26.718409 4.254060
274 -61.117554 -47.801407 4.123620
958 -48.298087 -49.486750 3.887490
6290 -87.858333 -21.926438 4.926920
3036 90.038532 25.631447 4.084530
1824 -1.461941 -51.967817 3.755170
5642 -87.192388 -0.079583 4.291710
6276 62.216383 -50.989725 4.404250
6482 -74.377120 -50.823099 3.947830
5383 81.583263 46.408512 4.148420
598 92.156668 -0.303233 4.770050
2335 -82.461193 -40.956007 3.750770
2799 89.308421 -11.384369 3.974250
4883 -18.515122 -53.234120 4.039540
6805 91.854616 13.969829 3.748080
2046 -95.133548 -11.026614 3.989990
5087 -25.997940 -4.377406 3.139250
6842 7.532649 52.378327 2.777840
553 16.951658 -54.658307 3.688010
1277 28.035132 -54.325782 3.837900
5107 -97.905750 6.407366 3.952170
6237 37.227249 53.142240 3.678530
2758 -35.490280 -55.052217 3.236110
807 72.875907 -51.906887 3.529710
97 -93.381284 39.868864 4.830670
1132 -82.381310 -10.125396 3.310990
6198 38.621964 -55.272097 3.129500
3670 42.614493 5.945533 2.624660
2859 73.151136 -29.816547 3.462530
1137 -65.338705 51.996047 3.313000
3760 -83.915204 -31.672950 3.058300
3656 70.300742 52.278943 3.442660
2467 57.971516 0.322632 3.763440
894 12.975578 28.684437 1.989890
5152 100.449724 21.466645 3.655890
5236 -6.714815 55.595572 3.348860
1896 15.401769 53.590017 2.495400
626 -50.035829 -11.486995 2.761940
5749 21.396328 -22.017337 2.132060
7009 22.729953 58.400100 2.660080
5540 -26.436149 56.285589 3.518440
4200 51.547724 22.711789 2.525550
3766 49.320851 -24.299119 2.524160
1999 -14.461191 58.627271 2.442210
1807 93.842391 42.215434 3.197020
4728 -40.240247 57.952851 3.128400
6295 -56.244893 57.842856 3.049250
1099 -66.433707 -25.631837 2.189240
2105 50.714640 56.630205 2.809240
4549 -91.341287 -48.494419 3.256450
803 53.188094 -55.722776 2.721530
6101 96.745453 -29.783055 3.136430
3739 -56.043084 -55.530954 2.555450
127 -9.683467 38.711988 2.347230
68 7.203474 -55.447227 2.726050
3343 -94.318371 26.728390 3.129180
3195 85.213088 35.640389 3.234630
747 -83.041010 53.781619 2.966640
5162 -100.686554 19.255257 3.886250
6097 -8.999887 -56.134170 2.270010
599 17.292037 4.925841 2.091560
7511 80.717953 -56.719623 2.999910
794 -94.071109 -36.942678 3.027360
1963 -11.493169 30.091121 2.086820
7082 17.361692 -1.384777 1.650840
2822 94.839676 -21.041051 3.076370
1234 -62.191680 -32.576604 2.543300
3703 77.763000 56.676645 2.634530
4229 -99.780338 -19.861313 3.021120
1083 -106.006273 -10.466715 2.890130
285 -40.628498 6.890048 2.044770
3627 2.609925 59.109448 2.403210
6383 46.533108 -58.945661 2.142070
4803 -27.768184 -59.231418 2.423130
7199 -34.005261 36.799006 2.092390
5544 -44.908005 -59.165771 2.121690
1146 -73.559995 59.166443 2.515250
6918 101.066637 -11.110109 3.244540
6522 -13.073021 9.684004 1.246460
4936 14.446629 -22.063901 1.627260
161 60.629141 59.353707 2.051310
5055 -3.463559 -9.202063 1.616480
286 -91.013416 52.250119 2.636760
6057 2.098769 -31.044033 1.625810
948 74.927587 18.683807 1.899370
4635 -68.375777 -57.495928 2.343740
4236 26.066427 14.394727 1.997670
6288 -18.256483 7.706517 1.002440
2528 -29.175531 -26.624591 1.522370
2450 -9.620476 24.660493 1.045780
4113 -55.091399 31.452659 2.070460
2121 95.963887 33.969391 2.488180
5735 42.564441 59.667740 2.125470
1440 0.972297 -59.325936 1.385030
1149 42.389197 -24.477161 1.651170
6345 102.187171 -1.178581 2.419920
6307 -50.905629 24.996720 1.676410
1837 5.203161 21.714357 1.081790
1271 -68.996028 39.187169 2.495260
3744 27.195095 -19.973643 1.062640
6175 13.086377 60.007298 1.700030
7441 69.215368 -60.203348 1.600720
579 100.411185 10.621976 2.251800
295 -48.574523 59.765512 2.234570
4390 -81.626392 7.311595 1.494810
3246 -65.151686 -17.308304 1.339000
288 -85.394792 45.382100 1.605620
3062 -31.945627 17.943163 1.066490
5593 22.600251 -59.721388 1.251340
5434 8.985790 -9.983074 0.653013
3997 -77.298379 -59.316801 1.740750
5767 29.319905 59.754940 1.543670
610 34.798734 27.831856 0.991003
4714 61.639132 -60.094888 1.851740
5901 45.279791 21.744080 0.968553
6394 -4.521039 5.465448 0.491205
535 -40.255065 -49.238740 1.634790
3513 8.353128 24.797784 0.630789
1392 29.420965 -8.326529 0.599078
3812 -22.209924 -28.217038 1.375320
5213 69.620164 26.918385 1.319060
2689 37.075261 -25.144217 0.785042
6654 -22.145351 -43.496347 1.092090
6700 -101.327391 -1.757833 1.936080
6742 29.838780 52.099870 1.064900
3500 -33.321689 -16.345350 0.700437
5036 25.536992 19.459920 0.402758
6127 21.266156 39.224011 0.700363
3282 -35.860588 -31.148127 0.515154
5508 -40.092228 42.434690 0.870754
5610 -14.296210 -60.336685 1.196050
2477 60.342806 -17.796556 1.317830
4453 37.839295 9.327898 0.437820
4360 26.388943 -16.074049 0.399232
1714 -99.160152 -43.070634 1.940690
5902 -2.029675 -28.734220 0.513542
6839 66.083807 -18.695442 1.068280
6321 -69.849096 -10.546749 1.654480
2974 89.584965 -49.860003 1.741960
5737 -76.006997 7.588403 1.323100
6601 -8.518478 -49.667068 0.961117
3746 51.401860 37.835993 0.928156
3617 63.731543 -36.141527 0.815809
5491 84.204544 19.805409 1.636350
3339 -7.883678 7.165050 0.178913
2388 61.147643 9.318072 0.605426
4157 55.637774 41.664992 1.215250
5223 -22.729919 1.275072 0.224803
5931 -66.829576 19.501051 0.704862
7259 -43.825026 -31.436566 0.580379
1934 -10.406390 44.634136 0.318611
3360 -63.028836 -39.680411 0.682318
5557 -52.420256 51.795410 1.251220
6899 -51.490030 -60.764030 1.000780
4608 5.315505 11.430440 0.216972
224 34.831089 60.358043 0.822296
6337 -76.456354 -28.321869 1.168770
6232 -8.152836 -20.842271 0.562108
5244 21.158884 9.079710 0.118442
3485 -5.779355 -61.040672 0.632321
1215 -21.217098 -60.163420 0.880855
5015 -18.877326 -35.878498 0.530668
119 -28.449928 19.357878 0.090631
7495 -29.159516 -9.280590 0.150210
5364 -83.409133 39.627569 1.146810
5274 -11.759059 -19.945785 0.252346
