-5 50.000000 0.000000 1.524000
262 -0.394211 0.059900 7.493520
493 -14.998787 -6.673961 7.038720
2158 -12.973739 9.765587 6.570110
6457 13.304577 -3.250269 5.747530
1277 4.280819 12.282730 3.837900
5521 2.664947 -12.396864 4.693020
2320 14.376729 16.372075 5.049420
4983 -7.461417 -17.566327 4.783230
1909 -0.593078 22.963962 7.391790
3277 -27.205364 4.590581 6.141660
3136 15.391621 -17.604997 5.198920
3330 22.563954 7.792888 6.304440
918 1.803864 -24.721710 6.029830
7295 -18.796603 24.834533 7.603520
3258 -15.571603 -27.338538 6.172100
553 10.487583 7.230238 3.688010
6198 23.525822 -9.303811 3.129500
3346 -29.179607 -9.974089 6.251250
3625 34.086363 -1.454524 7.567850
2537 -57.220779 16.374634 6.180630
2597 17.613439 -27.695249 4.716620
5616 29.556892 -22.716309 5.838920
2295 31.961434 16.504837 4.804460
2129 15.914444 27.077005 5.372210
7329 -32.417280 19.572204 5.626880
598 26.904487 27.703457 4.770050
1290 -38.892207 5.755941 4.850740
1658 -34.628842 -21.883357 5.600610
2257 40.780006 26.570984 5.006820
1885 -42.773153 -7.748443 5.765900
4278 41.215095 -17.902243 5.750250
3986 46.519397 -6.096491 4.939710
6477 46.595934 8.765327 6.538540
6015 -44.466816 27.708494 5.871810
6484 -22.458182 -18.120823 3.917600
1363 -50.057239 -16.992728 5.162450
5626 -53.817548 2.375343 6.252220
5624 53.067683 -27.923930 6.280430
2948 -33.309243 31.498753 5.236510
5135 55.316665 17.990371 4.934290
6295 23.080486 19.060993 3.049250
5383 6.860626 32.304826 4.148420
3884 59.403387 5.136977 6.147080
6936 -4.953768 35.060558 5.047350
5642 -45.291068 15.656244 4.291710
4883 -26.116096 -29.950841 4.039540
2715 -58.590338 31.370297 7.374100
6101 31.669006 -13.064286 3.136430
626 -4.853915 -10.048530 2.761940
261 57.658110 -8.055742 6.058630
5540 -5.613793 -31.921645 3.518440
1146 -4.154201 13.162607 2.515250
5779 53.875905 31.578607 6.283710
2960 -63.282634 -6.253907 5.667440
7204 36.183190 -32.220694 4.254060
4291 -59.683610 -20.987903 4.925600
2340 25.912121 -32.985474 4.689880
2117 -38.938596 -31.767858 4.601930
4843 -69.154866 9.051034 6.957940
2600 20.896379 37.458705 4.455130
4710 35.385921 37.201513 6.426800
7129 7.923783 -33.988018 4.407410
6805 -17.250548 38.576328 3.748080
4728 22.532836 -1.941728 3.128400
6091 51.839323 -17.087331 4.293000
4062 -50.970179 -29.967859 4.830780
3316 -39.655963 39.376450 4.439560
2656 67.081711 15.930285 6.227740
794 0.632959 -38.218313 3.027360
2020 -21.380598 -37.816489 4.195340
1405 64.419420 -18.603722 5.862050
3195 11.659553 39.330859 3.234630
2046 -11.778296 -37.444210 3.989990
68 35.809418 9.024154 2.726050
4228 47.181682 -37.997371 4.823320
97 74.061903 -11.047617 4.830670
5152 4.965342 43.233061 3.655890
2649 61.890573 41.496107 5.494890
2859 18.374832 -39.421021 3.462530
7511 -24.601950 42.219349 2.999910
3109 -48.806631 42.048598 4.076230
6793 70.698725 0.104465 4.985580
314 -66.217857 -34.846911 5.170560
6918 57.021919 -37.497556 3.244540
1132 -8.160408 43.614236 3.310990
5107 69.668523 27.368862 3.952170
2697 -71.499942 -20.911544 4.536340
5162 49.880893 41.461369 3.886250
3760 -29.980045 -39.922041 3.058300
3703 41.743414 18.615771 2.634530
4549 -45.073542 -37.378688 3.256450
4930 67.699866 -32.102691 5.997240
5637 -76.687027 -7.812064 4.709580
4229 -23.969094 35.245857 3.021120
6276 -56.006307 -38.808845 4.404250
3036 -60.741277 43.417970 4.084530
4389 74.605773 37.187109 5.169160
3766 -23.999822 13.695486 2.524160
2734 -71.303241 24.237877 6.047130
3656 19.146374 46.258626 3.442660
4236 9.644245 -11.883485 1.997670
1896 23.454063 -16.578432 2.495400
274 -31.398563 45.827636 4.123620
4113 -9.334519 18.094326 2.070460
2335 76.867984 10.001893 3.750770
1215 7.470568 -8.929485 0.880855
6290 83.245021 -0.802479 4.926920
803 -5.976033 -43.788452 2.721530
5087 7.949378 -44.313103 3.139250
2799 28.105235 -43.653454 3.974250
7401 38.092901 -43.269566 4.641450
3739 -25.272583 -44.611511 2.555450
285 -14.918909 -17.635317 2.044770
5735 -9.237758 27.977196 2.125470
5593 -1.632185 9.588098 1.251340
4528 78.507745 21.164055 5.698080
2341 -37.774187 -43.367452 4.689990
7009 12.369001 46.599256 2.660080
161 10.502773 -25.776502 2.051310
1824 -46.826717 -44.627922 3.755170
958 -82.336521 14.720696 3.887490
5745 56.210054 -46.503800 4.731470
2467 -14.868752 -45.929341 3.763440
1999 -33.840799 -1.607309 2.442210
7441 18.180338 -10.123358 1.600720
7259 5.689997 -7.380283 0.580379
6175 7.332871 -17.604161 1.700030
2328 16.710993 -47.274085 4.035360
3627 -6.948986 -25.097902 2.403210
7199 -11.760964 31.958671 2.092390
2822 32.696526 46.870040 3.076370
2528 -18.072713 2.926340 1.522370
535 9.005491 21.507250 1.634790
2758 -53.799318 -9.110000 3.236110
6742 -9.701991 1.648556 1.064900
5737 15.548705 -33.814676 1.323100
1234 3.082443 -48.615837 2.543300
4200 25.622905 46.019146 2.525550
3360 8.204416 2.473215 0.682318
948 26.836634 40.725449 1.899370
2121 42.428218 -28.590110 2.488180
6237 -57.853932 -47.378015 3.678530
5931 5.600267 6.783168 0.704862
5157 78.112430 -21.860584 6.231400
5610 -4.730434 8.440297 1.196050
6345 -30.096137 -48.076963 2.419920
6150 -81.490183 -18.827654 5.071170
3997 -31.493721 -33.747574 1.740750
6453 -67.384142 -45.058760 4.036410
3744 8.737738 -20.634730 1.062640
6307 36.961007 -10.916787 1.676410
3670 -18.877365 46.533092 2.624660
6842 42.295720 44.780831 2.777840
807 -79.619249 4.587594 3.529710
1934 0.093530 8.756830 0.318611
3246 -28.092190 12.634468 1.339000
5749 0.170848 47.543966 2.132060
3339 8.043180 0.332707 0.178913
6337 -17.905531 -14.913040 1.168770
4714 -41.824952 -16.570732 1.851740
1714 -49.892688 10.782185 1.940690
6482 -76.559840 -31.573094 3.947830
4360 -8.271024 3.112673 0.399232
610 -12.713266 1.590265 0.991003
286 -40.735037 46.993263 2.636760
5434 7.738751 17.818984 0.653013
579 48.057182 23.762984 2.251800
6813 -72.730354 40.869605 4.279530
4635 -44.579708 -23.235039 2.343740
5236 70.708096 -42.722416 3.348860
3746 -9.359902 22.871362 0.928156
5767 3.667321 37.644260 1.543670
1807 46.558939 -46.996254 3.197020
3500 -5.981914 6.512781 0.700437
5274 -7.692746 -4.212645 0.252346
2105 45.309288 35.491388 2.809240
6394 1.434847 8.374637 0.491205
4157 -23.822448 -3.205997 1.215250
1963 -29.450005 39.268234 2.086820
1137 -87.691580 -1.577355 3.313000
1779 -12.163121 48.202058 2.433290
6383 -24.143138 47.916852 2.142070
2388 -6.933598 -6.968273 0.605426
1149 -27.309408 -23.932019 1.651170
3062 -20.417875 0.794825 1.066490
119 6.207146 -4.656597 0.090631
894 -37.899799 13.023888 1.989890
4936 0.314774 39.730553 1.627260
6097 -5.739413 50.154146 2.270010
127 0.330793 -43.947192 2.347230
5491 -32.959688 11.946120 1.636350
1083 61.542979 25.380056 2.890130
599 -45.670416 8.809305 2.091560
6057 -40.106842 20.249754 1.625810
5364 -21.297016 -12.573848 1.146810
747 -52.482126 49.598048 2.966640
1271 -71.554587 -1.005330 2.495260
6700 11.639035 -39.843591 1.936080
5036 -9.224943 -0.692298 0.402758
7495 3.698980 -6.942591 0.150210
5557 14.237042 -10.520927 1.251220
6654 27.960982 -10.333551 1.092090
5244 -7.183082 4.501503 0.118442
6839 -20.220174 14.806868 1.068280
1099 31.811304 -38.056851 2.189240
6899 27.270363 -13.845835 1.000780
6522 -23.532353 -23.906168 1.246460
224 15.090840 4.989346 0.822296
2477 21.622744 -22.677520 1.317830
4453 7.348700 -7.286745 0.437820
5901 19.652931 -6.999051 0.968553
5015 3.550462 7.456161 0.530668
5544 -5.278496 -38.265133 2.121690
6288 8.526946 24.683243 1.002440
5213 30.502767 9.503709 1.319060
1392 16.490982 3.095857 0.599078
295 -1.985085 -48.251676 2.234570
2689 -0.410430 13.803341 0.785042
4803 66.859673 -7.803985 2.423130
1837 -21.421476 10.318737 1.081790
7082 -44.629071 0.535890 1.650840
1440 32.017167 23.722394 1.385030
288 46.990399 18.655889 1.605620
6321 -2.329458 43.245607 1.654480
3617 9.413610 -15.564459 0.815809
3485 6.604971 -6.085972 0.632321
3282 15.426715 6.658806 0.515154
3812 14.626910 34.500127 1.375320
6601 27.218945 21.113209 0.961117
4608 4.696501 -6.862965 0.216972
5223 -8.514257 -10.801393 0.224803
3343 -74.160597 -38.621960 3.129180
5055 8.488685 49.941720 1.616480
2974 37.586005 -24.904148 1.741960
2450 -36.181221 -14.490909 1.045780
3513 -1.021227 -17.142610 0.630789
6232 -1.430989 -8.476032 0.562108
4390 -20.375168 -45.022071 1.494810
5508 1.029209 -31.970952 0.870754
6127 -15.484242 2.057820 0.700363
5902 3.313582 -17.916472 0.513542
