-5 6.000000 1.000000 1.524000
6382217 0.324449 -2.318270 0.066000
5794570 -0.698476 -0.394154 0.057500
8972058 0.095200 -1.400972 0.084700
8822216 -0.565595 -3.612246 0.559400
7825899 -1.792161 0.141723 0.180300
4478168 -0.398550 0.149072 0.119000
11754430 0.452881 0.150681 0.227800
11288051 -3.264330 -1.949700 0.173300
8644365 -0.660272 1.842769 0.147600
6696580 1.658942 2.204538 0.365800
4548011 -1.307871 -1.122893 0.087200
11337372 -1.365079 2.991955 0.425000
5972334 -2.379216 -0.243698 0.216400
8226994 -0.653164 0.791303 0.125700
11086270 1.083791 -0.545288 0.201000
12785320 0.632049 1.524067 0.291800
7434875 -3.226360 -1.291981 0.140800
6705026 3.119364 0.220834 0.210600
3529290 -0.177933 -0.526355 0.109400
7285757 -2.398196 -2.471770 0.130500
5542466 2.769063 -1.286000 0.097300
7119481 2.634678 1.200644 0.173500
3245969 -3.628631 0.190467 0.092600
6871071 -1.188815 -2.856983 0.098400
8753896 1.883973 -0.315590 0.109200
7289317 0.633621 -1.011075 0.124300
10513530 1.111211 -1.618820 0.119600
10586004 1.682895 -2.338553 0.391900
9881662 -2.956573 1.942838 0.415900
6932987 2.107230 0.637297 0.283800
6525946 0.139155 0.898258 0.073200
8630788 0.000158 3.352312 0.545600
9209624 1.175135 2.807935 0.103200
10587105 -2.917279 0.782057 0.211300
3218908 1.374089 1.144519 0.130200
9517393 -0.909790 -5.450078 0.739100
9117416 -0.990065 -2.250181 0.155700
9973109 1.513520 0.162928 0.162900
6152974 -1.393832 1.303881 0.138000
9834731 -2.079250 -0.943272 0.072300
7102316 -2.176131 -3.807174 0.518400
8505670 2.165478 -3.356159 0.081300
8962094 -1.121527 4.594132 0.304900
9530945 -2.759475 -0.783391 0.135400
8463346 3.738412 -0.705785 0.250200
9579641 -0.719990 1.319534 0.074600
1996180 0.184642 -3.042785 0.062400
10656823 -1.349564 2.057823 0.197100
3642289 -1.169883 -0.117825 0.105400
11709244 -11.732537 0.270555 0.215700
11125613 -2.293692 1.153752 0.084000
6521045 -2.579110 -1.613813 0.216300
9002278 5.413699 -1.530426 0.699000
6383785 1.196571 3.432862 0.063200
4645174 3.203011 2.280882 0.196500
9821454 2.422553 3.031236 0.137500
8120608 -3.585396 2.984806 0.393100
6949607 -0.051340 1.301958 0.071000
6029239 3.860172 0.571123 0.086100
10604335 -3.915679 -0.766213 0.366100
8628758 -0.379269 -1.664013 0.113800
6697605 1.113269 0.741553 0.043300
3128552 -3.006978 -2.481156 0.080200
7050989 -0.377361 -2.423728 0.132900
10265898 -2.300680 0.453924 0.060000
11253711 -1.900209 1.583394 0.136100
7373451 -4.667180 -2.583761 0.667600
2716801 0.584939 -3.631197 0.239100
8240797 3.225986 1.153459 0.110900
4947556 4.377444 -3.036385 0.502900
3234598 2.897992 -1.856907 0.170900
8395660 2.223086 -0.882710 0.238800
10552611 -3.732062 1.034555 0.070300
9775938 3.121968 4.119607 0.191600
11657614 -1.841456 -1.420816 0.150500
10386922 2.255668 -4.658571 0.904500
7202957 2.618923 2.173235 0.085400
5175024 1.760225 -1.455129 0.163300
9839821 -5.222321 0.582440 0.613000
6021275 -2.839169 4.782501 0.437800
12154526 1.733420 4.960318 0.285500
9782691 -2.540424 3.064912 0.286200
7021681 3.429434 -1.336563 0.144400
3219037 -1.861392 -2.116271 0.087300
12306058 0.845061 -4.315731 0.160600
6359320 -2.913525 0.078521 0.079600
8022244 -5.398832 -1.089893 0.210900
4741126 -1.289872 0.693584 0.154300
6451936 -0.759079 -0.904096 0.072500
9886361 2.761209 -2.760684 0.290000
3748855 -0.336326 2.408277 0.068600
8247638 -3.590937 -3.827261 0.412600
4458082 1.763988 3.152342 0.092800
12252424 0.609828 -1.520641 0.074700
9896018 0.130420 2.175357 0.093600
3640905 -6.354729 -1.794199 0.293800
1724719 -1.415588 -1.854514 0.092700
2302548 1.170045 -3.108283 0.157400
5438757 -4.591236 2.620798 0.303700
10468940 -1.957837 0.820540 0.072100
9489524 -1.735391 -0.500807 0.118300
9071593 4.725286 -4.721723 0.289200
3937519 -2.204692 2.166350 0.058400
8043638 -0.706321 5.523691 0.209600
4939346 -4.114063 4.877171 0.352600
8616637 2.889170 -0.473117 0.045100
11122894 -5.725322 3.123823 0.561000
8958939 4.638834 2.991793 0.158400
7102227 0.020342 4.579513 0.204300
7183745 0.926825 -5.167460 0.172500
7132798 0.478128 -0.436205 0.048900
9412760 0.671485 2.346193 0.074200
5941160 2.517785 -0.120747 0.093400
3231341 4.180751 -2.052383 0.137800
4150611 2.702611 5.237145 0.391000
4270253 3.979264 3.529362 0.101800
8397947 0.925050 -2.155484 0.080000
9455556 1.970059 1.444687 0.069800
7445445 3.830394 1.770655 0.176500
9020160 -3.588313 -5.825978 0.127600
7100673 0.740165 4.585299 0.071600
10797460 -2.496148 -5.468026 0.286000
6678383 -3.591844 -4.948422 0.253900
6368175 4.367363 -0.303099 0.191100
11807274 -4.926694 1.718951 0.094000
8162789 1.104827 5.462269 0.095800
11521793 -6.633258 -0.182669 0.175900
8167996 3.726306 1.067599 0.090100
4472818 -6.770899 0.719021 0.321200
10471621 5.193973 -4.025163 0.182900
12120307 -1.038561 3.766203 0.108200
8609450 3.486506 3.024956 0.242700
3632089 -5.993636 1.572428 0.180300
9823519 0.879510 3.859171 0.041300
9946525 3.712565 5.155712 0.262300
5531953 -5.026531 -0.551114 0.109200
6690082 4.108843 3.053882 0.054500
5866724 -1.727231 4.053570 0.085800
5531694 -3.913712 0.603846 0.079900
5211199 -2.722053 -2.902297 0.066900
7673841 -3.760430 1.644178 0.096700
8753657 3.612643 -0.109806 0.055400
8331612 -2.805183 -4.696473 0.172700
9836563 2.327630 4.132113 0.068200
8558011 -5.191913 -4.435017 0.212200
4831728 4.739800 5.009095 0.093300
9947653 4.334694 2.303477 0.224100
6026438 3.808329 -4.089832 0.145900
10272442 -7.546692 -1.852726 0.333500
7765528 -1.003559 -1.494923 0.088900
3942670 3.917035 -5.687145 0.209800
5769810 0.047108 -1.939050 0.091700
10055126 6.031529 -4.987220 0.731900
10916600 1.588884 -3.461503 0.065000
6448890 -3.805395 4.027993 0.165600
10187017 5.242721 4.457411 0.160800
4736569 0.003283 -4.516831 0.075600
11618601 -3.273272 -0.341974 0.057600
9597345 -5.243853 -5.899616 0.485300
9605514 5.589417 -3.070327 0.331500
7207061 0.217783 5.525829 0.119400
8973285 -4.660791 -1.225759 0.075800
9285265 -5.972736 4.731302 0.306400
8612275 2.306061 -1.527594 0.073500
7289338 2.963902 1.712440 0.108200
6062088 1.905039 3.870736 0.099200
9092504 -2.137666 5.308302 0.065100
7869917 5.147078 3.601982 0.113400
5384079 -6.242163 -0.999232 0.139000
4860678 3.560192 -1.894843 0.089000
7626506 4.517481 3.952841 0.167500
4852528 3.502236 -2.731781 0.073800
8193178 0.222499 -5.352204 0.091300
11391755 0.023726 -6.325902 0.170700
3342970 -1.318441 5.448232 0.076500
5856571 -7.629631 1.255939 0.341200
8613535 -6.039914 -4.513114 0.194900
12066335 -2.789963 3.789002 0.112500
6196457 -7.069817 -1.010872 0.280100
9950612 7.149799 -1.261996 0.226100
9205938 6.298428 3.777691 0.654100
11669239 -6.021321 -3.306252 0.225900
8160953 6.939024 -3.456182 0.463600
5371776 -1.717409 -2.720566 0.083300
6936909 3.560757 -4.898266 0.064400
6607286 -4.117193 1.945599 0.044100
9787239 6.529204 -2.309206 0.126500
5184911 -8.162221 2.862175 0.407100
12470844 -6.957201 -3.578795 0.288400
9963524 -4.934452 4.379243 0.122200
3937814 8.336575 -2.421188 0.696100
12416597 -4.307296 -5.323164 0.249400
11450414 -3.562259 5.539357 0.182000
5706966 1.299476 4.162096 0.137300
6767227 0.745224 6.535070 0.062400
5706595 8.474804 3.334051 0.547900
7047922 -3.450340 -2.803561 0.146400
11709124 -10.585490 4.391923 1.816400
3661886 -0.184039 6.236939 0.172300
11295426 -1.187986 -0.631006 0.090700
8222813 -3.836877 -1.678540 0.080500
10122538 2.552410 -6.046337 0.179300
12116489 -1.074567 6.096392 0.164800
8874090 -1.680294 5.997986 0.108800
3229150 -3.148645 6.627984 0.249000
4770174 2.139634 6.145986 0.200100
9006449 -4.299423 1.144921 0.140800
4757437 0.736539 -2.703748 0.112500
7622486 3.278512 -3.614612 0.242500
4455231 -4.226725 -6.283618 0.281800
5080636 1.463940 -1.015802 0.052100
5456651 3.174435 6.116000 0.266500
3234843 -5.446752 5.785734 0.185800
8168187 -2.527929 6.026764 0.198200
8804283 0.650411 -6.104236 0.154900
3645438 -8.784833 -0.360799 1.014400
8261920 -2.147988 -6.425251 0.172300
5531576 5.291393 2.865367 0.073200
6607357 -4.441285 4.212423 0.076800
11125797 -6.922952 2.424470 0.262000
11121752 3.214282 -5.905771 0.075600
9020114 8.687672 1.407599 0.332200
9008737 -4.350531 -0.027719 0.115900
8581240 4.271819 -1.344627 0.101600
6278762 2.716276 3.620278 0.076100
5640085 -3.935118 6.509800 0.195000
6850504 -8.538977 -2.399208 0.341100
5351250 5.207845 -6.068216 0.190200
11153121 4.532136 6.027544 0.196000
5003670 3.869089 4.057810 0.076400
8332521 -1.960461 4.793589 0.118200
10404582 -6.604790 3.731364 0.205400
11090556 2.213273 3.477737 0.050800
8494410 -6.750512 -5.513832 0.674500
5629353 -5.236191 -3.637732 0.223800
9729691 1.649804 -6.128645 0.139400
8559644 -9.004113 -3.776493 0.746900
8394721 6.559945 5.336388 0.376900
9837661 -4.369953 -4.369545 0.088200
8278685 -1.910098 -4.744776 0.136900
7939330 -9.627223 1.678404 0.516200
8164257 9.568043 -0.796764 0.242900
2854181 8.852104 -4.846643 0.423500
10875245 1.347271 -6.774922 0.122700
8883329 -4.757343 3.803781 0.128000
8950568 -1.861530 6.777151 0.166800
3217264 8.438533 -0.055558 0.546300
7440748 1.066415 4.918895 0.067200
10397751 6.601531 -1.648059 0.053200
11823054 -5.346665 4.081097 0.048800
5956656 7.419907 2.908152 0.243700
7517261 5.603673 5.126233 0.175300
8611832 1.324174 6.833437 0.228700
5966154 -7.415618 5.081865 0.575200
6198182 -3.108062 5.886200 0.059200
4142847 10.048755 -4.232823 0.605000
6768394 3.114459 -6.718249 0.105500
11361646 -0.907314 0.290329 0.079000
3230805 3.605716 4.508691 0.062900
5299459 -5.465167 2.026744 0.159000
5956342 7.652412 5.360286 0.330500
4665571 -0.141582 0.560206 0.048500
4644952 -2.995296 -6.548734 0.217100
7376983 -4.979872 -5.052466 0.076400
6103377 -1.909083 7.430320 0.149400
8760040 7.511738 -0.610501 0.139700
8494142 2.154950 7.216051 0.262700
1871056 5.217667 7.033548 0.578500
3559860 6.889737 6.671743 0.286500
7040629 0.238629 7.113856 0.130600
10878263 -4.391737 -3.601607 0.070100
5602588 5.776637 6.035235 0.098500
4563268 7.780217 -1.251428 0.080700
6428700 -6.919054 1.532318 0.107400
10973814 3.754367 -6.508666 0.242800
5978559 10.093134 1.562709 0.420100
10328393 10.937838 -2.675137 0.191700
6541920 -6.261364 6.757334 0.459600
8552719 -5.009036 6.728116 0.399600
6975129 -0.846703 -6.695597 0.152100
12366084 7.846857 -3.422855 0.100600
12058931 1.537872 5.846384 0.156500
4833421 3.805387 7.359957 0.290300
10350571 9.035464 4.283683 0.199700
3326377 7.526446 -6.377988 0.568000
8692861 -8.844645 6.643543 0.710600
5903749 4.400978 -3.993356 0.133000
10577994 -8.390494 3.989899 0.108800
7603200 -2.021093 3.589187 0.127700
6425957 -0.387833 7.684689 0.116400
10136549 -7.470145 3.631895 0.088200
10089911 3.099100 7.047178 0.113000
7219825 -0.935672 6.734422 0.175600
3323887 8.583882 4.876579 0.227300
5177859 -6.422202 -4.075405 0.084500
10905239 0.119925 -0.913808 0.067500
7515212 5.422619 -6.772963 0.205300
6946199 -10.086613 -4.937696 0.418300
8355239 0.241828 7.689709 0.136100
10723750 10.458641 3.508473 0.285800
8680979 -1.108927 7.428227 0.116000
12208631 -9.749370 -2.546707 0.280600
9880467 9.150497 5.946709 0.521900
11442793 11.274098 -1.161355 0.927900
10538176 0.394581 -7.329299 0.212500
7983117 2.655856 -7.236832 0.192200
8738735 -3.809971 7.433687 0.186400
8689373 7.728160 2.033357 0.129100
2305866 10.209742 0.285299 0.531100
6543893 -8.372072 1.643169 0.087800
9026749 -4.618346 -7.212530 0.331400
11497958 -7.603251 -2.954436 0.225300
7509886 -1.336911 -4.252892 0.063400
8077137 6.503256 -6.121515 0.166400
10670119 -0.283641 -6.848900 0.089400
4770617 0.745456 -6.810638 0.083700
8644288 -5.818782 -0.263580 0.113600
9828127 -2.720951 7.458962 0.194300
9518318 0.978612 7.451103 0.165800
5252423 -9.051711 2.595922 0.071200
10141900 5.074033 5.412246 0.085100
7767162 -11.530582 -4.313351 0.847800
8017703 -10.195842 -6.675978 0.644800
8240904 -8.783265 -5.703626 0.451000
4914423 -10.972381 -2.215274 0.642500
8561063 -0.349276 -0.922067 0.015000
6209677 6.549000 -1.192235 0.074300
9022166 -7.368176 6.351647 0.311500
10910878 7.277750 4.541782 0.218300
6266741 2.022206 -6.901042 0.131200
6964929 -7.002960 -2.830730 0.058300
1432789 0.559116 5.126040 0.090800
9730163 4.783443 -5.645948 0.043900
6786037 9.711132 -5.753018 0.494200
9966219 11.774984 1.366304 0.904500
9634821 -0.651745 -7.570460 0.325900
6345732 3.340565 -7.366510 0.156300
10662202 4.498357 -7.323098 0.123600
11080405 0.831522 5.986727 0.154100
5437945 14.468935 -1.508314 1.145500
8257205 2.288327 -8.625883 0.515000
5881813 -2.118964 -7.637186 0.427700
4157325 -5.840508 -2.544546 0.166700
11968463 -1.389415 -9.179871 0.394300
2307415 -7.070812 3.272779 0.111600
5088536 -3.747229 -9.330687 0.377500
6962977 3.702290 6.629407 0.144200
10166274 8.965488 2.414991 0.143900
6716545 -8.168240 -6.871276 0.530300
11358389 0.123442 -8.557742 0.183900
3559935 -6.553968 -8.925236 0.810600
9471974 6.012806 -9.034368 0.723500
9896558 11.434808 4.878236 0.554200
9349757 -3.780046 -7.420384 0.223300
11512246 3.413477 -8.641577 0.123500
3745690 -5.003525 4.922745 0.112100
1717722 0.697679 0.851919 0.048800
3342794 -1.403119 -6.892786 0.112700
8230616 -5.598739 7.507161 0.058200
9650808 8.091328 -8.929517 0.480600
5942808 5.798051 -3.725675 0.037100
6949061 -0.354474 7.074705 0.160900
5374854 9.495944 3.291559 0.163600
7871954 -2.265355 4.066129 0.058000
8037145 -10.524396 -0.783875 0.253400
4636578 7.252402 -4.450182 0.172300
5202905 0.701185 -9.603232 0.200100
4735826 -0.466191 4.167042 0.079400
10982872 -2.882080 -8.464084 0.230500
8008206 4.466952 -8.840196 0.138100
8892157 -4.926723 -9.146708 0.378100
5289854 -7.086554 -4.333167 0.121100
11176166 -4.272279 3.586227 0.093400
9941859 5.125720 -7.857192 0.392600
9602613 -5.622584 -1.901041 0.070800
3547760 -6.248499 0.222212 0.080500
8478994 8.881822 -3.572190 0.212100
10271806 0.805650 -8.706914 0.125900
3734418 -5.593683 -5.080506 0.064100
4545187 4.020025 -7.828481 0.213800
12301181 1.188962 -3.897787 0.061100
4077526 -4.728684 5.713077 0.230700
7977197 -2.157638 -8.742490 0.135500
7256914 -0.840362 2.377987 0.048700
3747817 12.047329 -3.860358 0.568000
4385148 1.142725 -7.577990 0.159500
11752906 -7.412302 0.236851 0.123400
9351316 -6.592211 -7.246262 0.496400
10864531 -11.199560 1.256364 0.377900
6289257 6.300006 -6.886329 0.148700
6422155 8.406362 -5.698607 0.203000
10189546 -9.294722 -9.317657 0.441600
11018648 11.536759 -5.032980 0.376700
10964440 -13.032113 -3.349768 0.548700
6587002 -11.810769 -1.002045 0.469800
4275721 -3.658197 -6.775924 0.075900
6021193 2.228691 8.404839 0.111100
11074178 -6.919325 7.925142 0.112800
6528464 9.511892 -1.901528 0.201800
10545066 8.919975 -7.850708 0.567500
4770365 -0.385700 5.021499 0.072900
11074835 -2.777813 -9.630372 0.189100
6347299 8.708802 -1.282209 0.169900
8008067 12.866523 3.393664 0.578100
11014932 3.308443 8.083786 0.223100
10252275 -3.101883 -7.207308 0.107600
7678434 8.170951 -4.020661 0.087400
7703955 -13.441833 2.792682 0.758400
11754553 -5.136480 8.183303 0.177400
5791986 -5.860965 8.018053 0.158600
6849310 -4.076180 8.555668 0.138500
8890783 -3.321569 8.268844 0.291800
9101496 7.312724 7.539556 0.327700
9451706 -5.511593 -7.487479 0.279900
10723367 0.495448 8.666741 0.141200
4164922 -8.472703 1.101465 0.121400
11967788 3.100661 -0.870212 0.084100
7907423 1.959904 -7.666784 0.092100
7778767 -0.385934 8.374822 0.107400
11656918 -10.312543 0.228265 0.310300
3541946 7.568711 -7.968686 0.259600
5794379 2.561902 7.904825 0.187100
6381846 -1.182645 8.098014 0.220200
10984090 1.455340 8.107188 0.264300
6276791 7.660433 -5.334755 0.085300
4139816 -4.535752 7.720874 0.201400
7841925 -5.758931 -6.666861 0.105700
7870390 -3.443087 -8.039805 0.117800
3247268 -12.409829 -2.041846 0.389000
9823457 -7.367893 7.185990 0.215500
5438099 10.209815 -2.436866 0.236200
5689351 -12.927504 1.367788 0.364400
9388479 -4.717058 -3.975302 0.067700
11601584 5.589335 8.534652 0.262400
4725681 7.161168 -2.336948 0.132500
8013439 -0.400399 -9.605625 0.119700
9411166 10.148801 8.219041 0.442800
9529744 -2.471459 6.783760 0.137900
5613330 3.088895 -9.785835 0.169700
8564674 0.803907 -8.072809 0.104100
5384713 -0.678230 -8.485567 0.254300
10730034 5.786086 -6.156838 0.063400
10601284 -5.456825 5.211312 0.075900
5735762 6.390811 7.424490 0.236500
5511659 -6.213607 2.246182 0.128800
7908367 -6.564849 -2.605299 0.101600
8292840 10.339038 -6.836479 0.447700
3348082 -7.349982 8.563152 0.201500
11705004 -7.731522 -4.677343 0.081300
9883606 0.509418 4.097756 0.052700
11308499 -7.758746 -3.712809 0.108900
10978763 3.275417 -2.293184 0.090300
9230021 3.124119 -8.167052 0.123700
9873254 8.264849 8.052791 0.120500
10358759 -7.989660 2.024677 0.108800
7512982 4.560549 -6.313522 0.134300
10730703 12.399917 7.228258 0.244100
10290666 5.239112 5.840858 0.073600
11071200 12.016582 -7.380463 0.461500
10788461 -9.585468 -1.603173 0.086500
11547513 -7.858183 4.161222 0.098800
11336883 10.030991 2.600955 0.299700
12206313 14.822603 1.418893 0.645000
7134976 -6.186010 5.794368 0.094000
9995771 9.724834 5.017559 0.173300
10973664 7.746713 -4.804230 0.102100
9904006 10.341555 6.392622 0.290300
8056665 -13.398657 -0.108336 0.860000
10253547 -8.472143 8.238590 0.318500
8277797 2.795755 0.684208 0.047100
5474613 1.382153 -9.711149 0.147300
11129738 -0.145824 1.754413 0.046700
3765917 -2.116153 8.261491 0.196700
11774991 6.734150 -7.518040 0.254100
10858691 -10.309790 -3.667319 0.185700
9347899 13.786068 -4.698458 0.409000
8890150 7.413696 3.798455 0.156100
7269974 -4.370326 -7.977188 0.107700
12061969 -1.342516 -7.967924 0.108500
12068975 -12.185894 2.304079 0.163800
8806123 4.490751 8.465078 0.270100
10028352 -6.531993 1.324059 0.029200
9471268 7.985409 0.754318 0.068500
6878240 -10.012821 7.981551 0.466300
9480189 4.328744 -9.525696 0.158200
6587280 9.473366 -2.986989 0.140600
10019643 -8.665346 -8.066072 0.150600
8978528 4.331831 4.537060 0.111400
2837111 10.560726 -5.122790 0.084300
11389771 4.269249 6.700981 0.110300
7419318 7.791387 6.643911 0.133700
8505920 -11.493690 -9.249434 0.619000
6041734 -8.089863 -8.683579 0.350200
10925104 1.441561 -8.127307 0.083500
10005758 -15.374050 -3.864503 0.853900
3939150 -2.160489 9.753353 0.209500
8804845 2.378897 -2.011248 0.058500
2581316 -11.502425 9.235993 0.730800
3656121 3.331959 9.228221 0.352100
10554999 -4.118445 5.725919 0.063700
5031857 -1.430356 8.828588 0.166800
3967760 0.156919 9.574314 0.082700
9967771 1.310347 9.565163 0.089000
7673192 0.031501 -7.917446 0.132700
7595157 6.769908 -0.769038 0.042900
9006186 2.365173 1.772218 0.059600
2854914 11.364779 -6.223129 0.383500
8934103 -12.725920 6.131280 0.634400
5480640 6.871609 8.924783 0.261500
11551692 -9.896383 -8.149908 0.275700
8773015 8.555153 9.185140 0.130000
3832474 -14.643692 4.000653 0.533600
4832837 9.294030 0.495644 0.048200
4742420 -13.756472 -7.416291 0.691800
5358241 -4.984284 9.731544 0.224800
8564587 -2.465041 8.921919 0.096100
11253827 2.068868 9.529657 0.368500
6020753 0.422784 -4.821197 0.114700
6867555 6.313477 6.140363 0.080100
9002538 -8.414169 4.995322 0.075500
2854698 -3.542102 9.375644 0.343000
5709725 -1.168477 9.610293 0.357600
7366258 -6.237450 9.318058 0.268100
9909735 -5.547932 8.692994 0.105300
3240158 5.207800 9.565386 0.127200
10793172 2.457682 -9.794091 0.101500
8410727 3.669283 -9.469863 0.176800
7447200 4.352298 5.387317 0.064000
3554031 -7.747302 -7.951044 0.072700
6937529 1.281745 -5.618161 0.052200
11360805 11.011389 2.824483 0.282700
4851530 5.865870 9.479388 0.143700
8544992 -4.620306 8.631390 0.094000
6467363 6.041033 -2.465055 0.068800
6677841 7.772350 8.947943 0.290100
3657758 -8.338667 4.567423 0.045500
6037581 -0.489605 8.995787 0.144400
8490993 11.429297 7.709723 0.447100
12058204 -5.277167 -9.925094 0.123800
7265298 6.527529 8.248911 0.176500
7663405 12.329741 -5.857969 0.280300
9334289 -2.097782 -9.653442 0.137000
11037335 4.350723 9.314297 0.229300
7449554 -8.670086 2.063767 0.122400
10937029 -13.953080 -5.497276 0.916600
8282651 2.660293 6.517413 0.043600
12302530 1.290623 8.941974 0.226700
10227020 -7.194686 9.224678 0.138100
7831264 7.338119 -9.436094 0.115300
10004738 12.638509 -0.133181 0.387000
11081504 5.943580 -7.751220 0.115500
9475552 8.275996 6.124406 0.064000
11069176 0.712921 9.424264 0.151600
8557374 1.420201 -8.789145 0.055800
5816144 8.723038 7.272971 0.107500
7109675 9.650803 7.094030 0.195600
7375348 13.289779 1.217419 0.278900
6685609 -7.157092 -0.358376 0.065100
8838950 3.919715 -8.874267 0.040200
6520753 4.188414 -5.134056 0.075400
8480285 13.200937 4.412673 0.183100
8344004 -5.027769 -8.379658 0.064400
7287995 -7.299633 9.803694 0.120700
10340423 -6.691514 5.819263 0.106900
3962243 11.486777 6.015635 0.269400
4633570 -3.868125 -8.445988 0.158900
9655711 10.738437 -3.359087 0.107400
8780959 9.340513 8.700942 0.140200
9015738 9.590940 -9.300496 0.218600
5301750 -11.344604 -7.311917 0.246500
6026737 -9.336981 -7.341061 0.097400
11401767 -11.742797 7.962073 0.200200
9466668 9.650475 4.143398 0.097300
3548044 -14.730161 6.823739 1.141300
6462863 -12.373044 -6.405927 0.288500
9100953 12.398105 -2.259637 0.232300
11810124 14.366822 3.798579 0.637700
8827575 -8.285588 -4.739653 0.114600
7604328 7.904041 1.516030 0.048400
3447722 12.757674 6.466080 0.233800
11568987 -9.397990 9.054191 0.127200
11192998 9.670601 9.792616 0.193100
9590976 -11.144968 -0.109616 0.092400
8590149 -13.404124 4.229146 0.167400
10002866 10.507846 -7.999495 0.177700
2715695 -7.855107 -5.154936 0.068800
5959719 -10.255083 0.939694 0.100600
11030475 11.578322 -2.843531 0.082000
3338885 -5.948051 -3.952154 0.056700
7455287 -7.875361 -5.644596 0.117500
10028792 -18.256147 -2.709397 1.342300
10337517 3.878201 -7.211789 0.067900
5695396 -1.756828 -10.844321 0.173600
3867615 -0.721369 -10.429820 0.318700
10489206 -7.348576 4.144499 0.051300
8022489 -9.006911 -1.791571 0.097900
9958962 6.117557 -11.045311 0.771800
10426656 -1.898044 -10.226048 0.088700
8733898 -3.334542 -10.343465 0.045500
3561464 4.933329 -9.956192 0.215200
9758089 3.929699 -10.284007 0.348200
7582689 1.853453 -11.057314 0.105400
6105462 -8.319862 9.409099 0.394000
3634051 -14.009894 10.540828 1.171200
6442340 0.101901 -10.137772 0.159500
5113822 -2.546268 -11.000112 0.321100
11176127 2.825862 -11.200462 0.311000
9892816 -2.545894 -11.887263 0.241200
5688683 -3.299625 3.947164 0.045700
2989404 -1.939506 -5.925025 0.047400
6948054 0.390050 -11.261383 0.199500
6221385 -4.334752 -10.219283 0.206500
7107802 -6.477214 -10.292915 0.093600
4349452 3.825912 5.900205 0.113000
5792202 13.593522 -6.911090 0.811600
11401755 8.224189 2.321469 0.128400
7303287 -7.831468 -9.941776 0.516600
10657406 -4.964053 -10.689065 0.194300
5511081 8.560819 -10.352276 0.256400
4263293 -11.535108 2.296924 0.160700
6364582 16.667301 3.141753 1.198900
10933561 2.094993 10.707871 0.195200
11773022 -1.046452 -11.573206 0.512100
9458613 0.571840 10.169826 0.240500
10460984 -0.513899 10.533498 0.418200
11853878 8.224520 4.295678 0.063200
10027323 1.347297 -12.139659 0.349000
7898352 -8.835739 -11.324498 0.490200
5965819 4.632854 -11.340192 0.143400
7106173 8.922523 -6.237747 0.092900
4249725 -3.214996 10.750155 0.089800
6508221 1.029331 -10.455054 0.365800
4857058 7.467139 -10.598141 0.331300
5272233 -3.942125 10.580577 0.134300
9093086 1.067942 10.772980 0.110100
5364071 2.787880 10.646188 0.111900
8280511 -6.574019 10.565268 0.142700
8216763 6.311117 9.867716 0.094700
1718189 -7.249004 -11.298043 0.379900
9962455 -8.348215 5.541569 0.157000
10717241 -4.464789 -8.488760 0.083700
5809890 1.764118 -3.071496 0.035500
8678594 -4.231340 -11.932726 0.530700
6268648 -5.521489 -12.057144 0.405000
4173026 9.355235 -11.426890 0.457200
11566064 11.901813 -8.900206 0.611300
9146018 8.468348 6.742634 0.144500
2165002 -2.315811 10.680081 0.240700
8355178 10.254379 4.356279 0.209500
2438264 2.827761 8.591244 0.115000
5436502 -5.615331 10.317220 0.272400
9008103 5.375532 10.642251 0.355800
7115785 7.443794 -11.911449 0.225500
5094751 3.026236 -10.420855 0.152100
4932442 2.337314 -10.552363 0.075900
9663113 16.777798 -4.675559 1.333700
11560897 10.755493 -9.914285 0.457300
6616218 -2.768010 9.661737 0.065000
9757613 5.286193 -12.053760 0.208500
7175184 8.869203 -9.580287 0.093500
9364290 -11.057894 0.431962 0.095800
10130039 4.154052 -11.885729 0.165600
10875007 3.843827 10.535748 0.127100
9415172 5.114633 8.036696 0.090800
9884104 7.232697 9.752401 0.270900
10600261 -6.486909 8.474180 0.272200
8105398 12.322008 9.470810 1.084600
3239945 17.901754 -0.324992 1.881000
8218379 -4.232388 9.949805 0.120400
8158127 0.528848 11.039051 0.137200
2161949 -4.475898 11.574309 0.072000
8150320 6.627225 10.885661 0.204700
9967009 2.501361 12.052692 0.193800
7747425 13.809636 2.545669 0.238300
5880320 4.459449 10.574494 0.158200
11904151 9.875888 -8.487873 0.239700
9718066 -2.686244 11.472319 0.182600
5185897 9.052892 -6.842159 0.088100
12314973 2.868187 10.009420 0.200400
5219234 -6.679323 9.959339 0.117100
10872983 -0.739115 11.854552 0.099200
10718726 8.820849 10.916940 0.882400
5621333 -1.657209 11.253350 0.183200
10843590 4.929195 11.896700 0.233700
11918099 -5.095162 -1.585826 0.067400
