-5 0.000000 0.000000 1.524000
120896927 -1.240493 -1.556114 0.114795
29781292 -1.979381 0.803518 0.308329
164767175 -1.916993 -0.266959 0.090877
92226327 0.183516 -1.900523 0.050316
251848941 0.669546 -1.804363 0.080276
425997655 -0.595450 1.832648 0.146417
31852980 1.751493 0.866968 0.161610
278683844 1.213338 1.503907 0.092404
52368076 1.762449 -0.881888 0.137650
307210830 1.892947 -0.277618 0.050590
100990000 0.594793 1.758475 0.081486
178155732 -1.181272 1.492606 0.076907
55652896 -0.548652 -1.893709 0.197322
259377017 -1.614924 -1.050548 0.074972
63898957 1.323191 -1.449532 0.087374
