# tic_id,toi_id,Disposition,RA,Dec,Tmag,Tmag Err,Epoc,Epoc Err,Period,Period Err,Duration,Duration Err,Transit Depth,Transit Depth Err,comments,logg,logg Err,R_s,R_s Err,R_p,R_p Err,T_eq,T_eff,T_eff Err,Insol_p,SNR_p
231663901,101.01,PC,318.736981,-55.87178,12.352,0.034,1326.008874,0.000339,1.430401,3.20E-05,1.638765,0.026081,20452.53168,242.95233,WASP-46,4.48851,0,0.86,0,13.145008,0.144216,1499.044062,5600,0,1193.379561,0.887868
149603524,102.01,PC,87.139956,-63.988427,9.716,0.018,1326.078557,0.000134,4.411955,1.30E-05,3.77916,0.009842,14034.13547,35.93963,WASP-62,4.32092,0,1.28,0,15.427095,0.037543,1315.967686,6280,0,708.76441,384.73846
336732616,103.01,PC,312.457438,-24.428796,11.464,0.018,1327.25256,0.000586,3.547854,0.000149,3.494333,0.049205,10424.3718,123.359314,HATS-3,4.22896,0,1.4,0,14.581841,0.196435,1504.858953,6351,0,1212.004376,0.800299
231670397,104.01,PC,319.949611,-58.148876,9.848,0.018,1327.673462,0.000842,4.087445,0.000239,5.59014,0.066407,3586.196984,48.80403,WASP-73,3.93359,0,2.07,0,12.652102,0.221452,1630.958624,6036,0,1672.217546,0.808662
144065872,105.01,PC,337.457199,-48.003087,9.48,0.02,1326.50599,0.000156,2.184659,2.30E-05,2.869426,0.012752,11836.69122,46.940147,WASP-95,4.37759,0,1.13,0,12.514586,0.056125,1429.144596,5630,0,985.883704,0.886027
38846515,106.01,PC,68.959732,-64.02704,10.307,0.019,1412.226619,0.000487,2.849446,9.50E-05,3.828487,0.034519,7465.152575,67.93786,WASP-100b,4.438,0,1,0,9.144771,0.065906,1534.769598,6900,0,1311.274914,114.41741
92352620,107.01,PC,313.783108,-34.135572,9.639,0.019,1328.29934,0.000307,3.950054,8.80E-05,4.557506,0.023461,12999.89718,75.69489,WASP-94A (planet host),4.18077,0,1.62,0,18.775574,0.097373,1468.219722,6153,0,1098.209548,0.8602
289793076,108.01,PC,316.961466,-26.09666,13.096,0.017,1328.084864,0.000922,3.043839,0.000202,2.660993,0.073265,24143.22224,570.23517,HATS-13,4.52192,0,0.89,0,13.999502,0.329885,1141.284018,5523,0,400.955287,0.820267
29344935,109.01,PC,313.21548,-25.687338,13.18,0.019,1326.127529,0.001296,2.766737,0.000254,2.568721,0.112022,15691.95117,490.08105,HATS-14,4.48823,0,0.93,0,11.661768,0.527223,1163.758204,5346,0,433.482954,0.834164
281459670,110.01,PC,5.618692,-59.942551,11.632,0.018,1328.040464,0.000446,3.174305,4.40E-05,2.723339,0.030983,15603.6931,151.40271,HATS-30,4.42524,0,1.06,0,13.668801,0.12625,1293.94181,5943,0,662.491006,100.35208
355703913,111.01,PC,0.774485,-62.469342,13.129,0.018,1326.106369,0.001084,2.106098,6.90E-05,1.574766,0.083967,12430.50297,528.39557,HATS-34,4.4337,0,0.98,0,16.683676,14.132685,1321.269297,5380,0,720.255153,30.581211
388104525,112.01,PC,55.93344,-65.193856,11.547,0.018,1327.409511,0.000267,2.499802,2.20E-05,2.87254,0.022436,14868.67554,87.59629,WASP-119,4.28867,0,1.2,0,14.739273,0.111809,1433.109547,5650,0,996.870072,175.80183
97409519,113.01,PC,332.714323,-30.749674,12.143,0.018,1327.053085,0.000623,3.372877,0.000147,2.63426,0.043644,17163.60419,212.40587,WASP-124,4.45061,0,1.02,0,14.201803,0.154789,1270.187448,6050,0,615.165921,0.829214
25155310,114.01,PC,63.37389,-69.226789,10.555,0.018,1327.520678,0.000335,3.288776,3.70E-05,3.414966,0.030214,7156.032192,43.838554,WASP-126,4.28004,0,1.27,0,10.858932,0.11643,1359.851559,5800,0,808.140768,157.18124
281541555,115.01,PC,6.702439,-56.316124,12.98,0.018,1329.90069,0.001812,4.742745,0.000262,2.408768,0.137056,13420.03179,517.9781,HATS-46,4.42476,2.00401,0.980778,0.980778,11.517937,11.536549,1011.066097,5377,185,246.967152,24.498663
238176110,116.01,PC,357.84526,-70.152863,10.991,0.019,1326.689274,0.00026,2.798594,4.90E-05,2.366459,0.022664,16879.44984,101.11358,WASP-91,4.49371,0,0.86,0,11.293845,0.108967,1050.906681,4920,0,288.255508,0.808503
322307342,117.01,PC,15.005896,-58.90478,11.734,0.019,1328.4809,0.00133,3.5855,0.00038,3.173,0.123,6242.33,3.88,HATS-68,3.71,0.08,1.76,0.06,15.2606,0.655196,1416,6075,108.3,668.223,49
266980320,118.01,PC,349.556843,-56.903885,9.154,0.017,1329.199631,0.001235,6.036061,0.000637,2.123832,0.09961,1704.034261,56.202583,,4.36763,0.270247,1.0776,0.128732,4.926376,0.630906,1006.395294,5586,187,242.435041,0.830483
278683844,119.01,PC,99.237983,-58.015237,9.234,0.018,1327.614054,0.003069,5.541738,0.000551,2.967805,0.190057,642.407346,44.630447,119.01,4.56429,0.272717,0.829762,0.100432,2.467618,0.335821,877.471498,5332,184,140.10482,13.787358
278683844,119.02,PC,99.237983,-58.015237,9.234,0.018,1328.037451,0.00493,10.694535,0.00162,3.376284,0.295038,602.270183,57.219044,119.02,4.56429,0.272717,0.829762,0.100432,2.417033,0.350987,704.792118,5332,184,58.312969,10.188973
394137592,120.01,PC,4.446408,-66.358985,7.144,0.03,1332.082805,0.000707,11.535076,0.001035,8.555958,0.069027,2389.90616,28.935114,,3.77,0.08,2.48771,0.298399,12.215808,1.480912,1150.268323,5479.3,57,413.730599,0.825237
231702397,122.01,PC,332.947,-58.9451,13.048,0.04,1329.121491,0.002308,5.077677,0.000878,1.155359,0.447793,6501.890778,781.0324,Small star with a small planet candidate,4.9581,0.407256,0.294,0.051,2.386458,1.250847,406.577702,3318,64,6.457958,0.940471
290131778,123.01,PC,319.6994,-26.616077,8.803,0.018,1325.375658,0.000473,3.308754,0.000101,5.634728,0.031274,3177.131896,28.132027,,4.27166,2.00586,1.31887,1.31887,7.723223,7.723462,1461.728795,6188,194,1078.917433,0.920341
52368076,125.01,PC,23.594697,-66.67583,10.138,0.017,1327.432906,0.001879,4.653811,0.000289,2.921928,0.288457,1007.882466,50.584927,,4.47072,0.28501,0.89927,0.116155,2.863905,1.099036,944.46127,5154,182,188.043192,17.438063
52368076,125.02,PC,23.594697,-66.67583,10.138,0.017,1334.45669,0.002132,9.150607,0.00073,2.907668,0.380794,996.181819,61.571884,second planet (125.02),4.47072,0.28501,0.89927,0.116155,2.861244,1.371003,753.882703,5154,182,76.337181,14.804296
52368076,125.03,PC,23.594697,-66.67583,10.138,0.017,1342.851835,0.003286,19.981866,0.004595,2.991231,0.720831,1046.211139,112.284874,period is likely correct but possibly two independent single transits,4.47072,0.28501,0.89927,0.116155,2.899664,2.696121,581.087764,5154,182,26.945604,10.261628
70440470,126.01,PC,339.489337,-35.153982,12.725,0.018,1326.731043,0.000948,3.035381,0.000203,2.886722,0.077295,16740.83645,333.53653,,4.35036,0,1.12237,1.12237,15.044467,15.047709,1320.533104,5751,189,718.651229,0.860842
234523599,127.01,PC,15.551099,-61.756001,14.097,0.018,1325.650197,0.000565,3.795609,6.90E-05,2.042805,0.04323,55371.0846,803.346,,4.438,0,1,0,23.750976,0.342044,692.182873,3424,0,54.250581,58.1628
391949880,128.01,PC,79.522476,-80.964663,7.9,0.017,1328.129344,0.001912,4.940663,0.000654,2.202493,0.278214,398.563168,28.429855,"There is a nearby (2"") comoving dMag~2.5 star. If the signal originates from either the target star or nearby star it could still be a small planet.",4.26269,0.26143,1.3075,0.145464,2.766351,0.943072,1260.307212,6086,193,596.247661,0.854549
201248411,129.01,PC,0.187097,-54.830506,9.82357,0.016928,1354.552404,0.000149,0.980981,1.00E-05,0.743316,0.014155,7028.41767,120.82581,TOI 129.01,4.49914,0.338797,0.782459,0.124009,9.218137,2.036007,1334.976832,4486,175,750.612716,108.864296
263003176,130.01,PC,12.541184,-83.743964,7.426,0.019,1336.559583,0.002205,14.339928,0.003271,4.653356,0.530555,411.321986,24.453753,Centroid shift is almost a pixel away but there is no corresponding star in that position. There are two nearby stars Gmag=13 close to the NW and Gmag=18 to the SE. If the transit signal is on target it is a small planet around a bright star.,4.438,0,1.14366,0.10287,2.36279,1.131195,835.651991,6295.7,56.481,115.245191,0.805803
89020549,132.01,PC,338.39942,-43.436628,10.803,0.018,1326.903983,0.001768,2.109307,0.00025,2.068328,0.357938,1379.431961,84.67819,Possible centroid shift toward faint star to the SE,4.55383,0.4189,0.87924,0.176641,3.307084,1.646429,1305.950446,5673,188,687.428912,0.845486
219338557,133.01,PC,354.395739,-58.954636,9.883,0.018,1327.291396,0.002752,8.1952,0.001473,2.309555,0.457632,946.435776,82.18145,,4.55902,0.201108,0.708945,0.059908,2.160801,1.917926,567.914087,4028,170,24.583945,0.821221
234994474,134.01,PC,350.0313,-60.0652,9.169,0.019,1326.033176,0.001456,1.401461,0.000137,1.264937,0.207902,565.503282,37.851494,Level 1 candidate,4.67812,0.063226,0.598,0.018,1.583888,0.360332,894.914298,3794,69,151.581705,0.823193
267263253,135.01,PC,7.328937,-76.304075,9.213,0.019,1325.783759,0.000208,4.126904,5.70E-05,4.492686,0.016126,10068.55437,33.41181,,4.23416,0.355654,1.5479,0.205971,15.947767,2.122716,1574.936764,6888,204,1454.030397,0.777657
410153553,136.01,PC,340.4921,-69.169,11.877,0.064,1325.72603,0.000322,0.46291,1.10E-05,0.520794,0.106125,4681.643995,178.9042,Level 1 target. Potential short period small planet around an M dwarf.,5.09707,0.426694,0.179,0.032,1.267697,0.366063,723.126924,3043,63,64.621812,0.817114
176957796,137.01,PC,101.297297,-66.238034,10.642,0.018,1327.369003,0.004306,4.819018,0.001436,3.035372,0.275922,1803.249732,160.64334,,4.56937,0.2,0.85824,0.150601,4.458667,0.842854,804.848741,4651,175,99.16949,0.883885
62483237,139.01,PC,336.402307,-34.909623,9.295,0.02,1334.896388,0.001811,11.058421,0.00257,2.136519,0.327214,1367.122742,100.4967,Level 1 candidate,4.53491,0.3608,0.738419,0.125859,2.687866,1.814681,564.767748,4356,173,24.043659,0.888537
140068425,140.01,PC,330.301574,-49.060026,9.806,0.041,1327.399305,0.001311,2.28139,0.000207,0.859711,0.116683,1077.390775,98.91284,,4.27404,2.00568,1.31178,1.31178,5.069735,5.087404,1647.850619,6174,194,1742.578534,0.832334
403224672,141.01,PC,338.984609,-59.864489,7.358,0.018,1325.538528,0.001209,1.007908,8.50E-05,1.534232,0.161406,220.394479,10.559796,,4.438,0,1.18947,0.106891,1.974088,0.429755,1876.180909,5795.29,44.5804,2928.328886,0.795608
425934411,142.01,PC,4.60579,-62.847886,14.672,0.018,1325.489793,0.000851,0.853319,2.40E-05,1.139772,0.074358,27850.1182,1655.4967,Gaia stellar radii 0.69 Rsun.,4.438,0,1,0,21.80123,12.37259,1216.150954,3658,162,516.976666,22.001486
25375553,143.01,PC,328.767654,-22.612566,9.772,0.019,1325.58249,0.000343,2.310894,5.50E-05,3.422324,0.025078,6939.353936,46.406292,,3.94807,0.439603,1.98196,0.395184,17.627707,3.516223,2055.414257,6371,197,4218.115431,0.873101
261136679,144.01,PC,84.291198,-80.469143,5.097,0.063,1325.503694,0.003021,6.266571,0.001314,3.093161,0.20533,248.742811,21.850191,Small planet candidate orbiting a very bright star,4.438,0,1,0,1.860292,0.129868,1017.703421,5950,0,253.51633,0.805639
265612438,145.01,PC,333.174746,-55.978763,11.635,0.019,1327.04953,0.00317,5.12944,0.00132,4.832,0.202,3376.1,2.32,Some confusion about whether source is this star or the close pair of equal brightness stars to the NE (260985864)- but difference image seems to indicate source is more likely to be this star.,4.4,2,1.62,0.04,10.357,0.365187,1319,5430.7,64.5,502.844,22
355636844,146.01,PC,358.301495,-56.01304,10.241,0.019,1330.55618,0.00445,6.29632,0.00401,2.938,0.305,979.326,1.89,Signal coming from a faint star to the SE. At least for the brighter of those it could be a planet.,,,,,,,1209,6905,204,355.48,15
220435095,147.01,PC,73.6414,-57.513557,11.818,0.018,1326.61107,0.00143,3.42316,0.00033,1.95,0.406,9683.96,18.1,,,,2.46,0.12,26.5768,1.73554,1256,5808.3,137.4,414.297,42
393940766,148.01,PC,338.320677,-38.159717,11.727,0.018,1327.33133,0.00241,4.8661,0.00101,3.215,0.228,5029.02,4.71,Planet candidate around 393940766 to the NW.,4.34,2,1.24,0.4,9.70106,3.16125,1184,5814.3,793.8,326.71,26
260985861,149.01,PC,76.635855,-80.768181,10.14,0.018,1327.40226,0.002,3.34024,0.00049,4.077,0.323,5082.39,2.68,Source is apparently 260985864- which may be a planet depending on host star size.,,,,,,,1428,5095.6,1193.1,691.777,13
271893367,150.01,PC,112.965695,-73.606125,10.865,0.019,1326.27838,0.00139,5.85758,0.00053,5.818,0.107,7385.78,0.981,,4.1,0.11,1.58,0.02,14.9738,0.259698,1415,5766,37.3,665.638,36
231081369,153.01,PC,68.073647,-66.916366,11.686,0.018,1329.84791,0.00204,7.63227,0.00108,1.656,0.427,6339.82,21.4,,4.16,0.2,,,,,865,6338.3,291.5,93.2859,11
129637892,155.01,PC,321.114974,-37.850144,9,0.02,1326.74444,0.0038,5.43636,0.00194,5.974,0.257,8232.2,226,,3.99,0.36,1.84,0.09,18.3741,3.17363,2814,6220.5,151.8,10411.9,27
140691463,157.01,PC,73.701279,-76.680516,11.976,0.018,1326.54604,0.00053,2.08457,9.00E-05,1.788,0.046,13291.3,4.83,,4.41,2,1.14,0.02,14.4073,0.347154,1212,5390.9,39.8,359.167,88
394657039,159.01,PC,51.781947,-78.549812,10.477,0.018,1328.63687,0.00055,3.76276,0.00019,4.108,0.076,13190.2,0.84,,4.43,0.16,1.65,0.24,20.8073,3.06145,1629,6404,463.3,1171.71,100
348770361,161.01,PC,46.68608,-82.316422,11.419,0.018,1325.70292,0.00212,2.76898,0.00047,4.619,0.289,3495.45,1.71,Unknown stellar (and candidate) radius. Possible small centroid shift to NW.,4.42,2,,,,,1906,5792.5,29.9,2193.83,34
179317684,163.01,PC,79.768168,-71.895588,10.843,0.018,1328.87975,0.00102,4.23163,0.00036,4.232,0.071,8163.25,1.01,,4.24,2.01,1.66,0.1,16.4676,1.03275,1568,6387.9,196.4,1003.6,57
147203645,166.01,PC,323.195894,-44.017794,10.696,0.018,1326.38424,0.0021,5.06187,0.00094,1.247,0.243,12335,197,,4.45,0.36,1.05,0.06,12.8254,1.79247,857,5254,152.9,89.9395,32
149990841,167.01,PC,90.662314,-64.819485,11.57,0.018,1328.03406,0.00146,4.45339,0.00055,2.164,0.267,8618.88,29.8,,4.39,2,,,,,1287,5766,158.9,456.015,26
369457671,168.01,PC,311.643495,-37.904371,11.419,0.018,1326.49996,0.00403,2.31257,0.00078,1.459,0.202,2248.69,6.98,,,,0.65,0.03,3.38244,0.258351,972,4801.5,126.2,148.536,9
183120439,169.01,PC,16.7783,-75.198873,11.742,0.018,1327.43797,0.00103,2.25596,0.00014,1.134,0.053,6550.06,5.51,,4.33,2,1.27,0.17,11.2756,1.52049,1016,5780.6,401.1,177.223,34
394698182,170.01,PC,54.988393,-83.088557,11.928,0.019,1325.51317,0.00085,3.7118,0.00021,2.747,0.093,12883.1,2.92,,4.3,2,1.24,0.02,15.4596,0.38254,1212,5768.2,56.4,359.138,69
309257814,171.01,PC,124.269511,-63.213478,11.541,0.019,1326.40275,0.00096,1.23855,9.00E-05,1.82,0.188,15054,6.95,,4.24,0.42,1.12,0.01,15.1601,0.364844,1544,4976.1,26.9,945.627,32
29857954,172.01,PC,316.631883,-26.69262,10.711,0.019,1326.91973,0.00529,9.47572,0.00316,4.709,0.382,4225.94,5.58,Star to NW checked. Transit likely on the target.,4.32,2,1.7,0.14,12.1917,1.069,1031,5801.8,235.6,187.637,11
425997655,174.01,PC,55.459877,-62.767049,8.69687,0.018031,1342.994583,0.001819,17.668189,0.001413,2.745577,0.298883,682.497924,46.529156,known TOI; follow-up in progress,4.38,0.21,0.734392,0.082496,1.988593,0.759062,565.962218,4813,111,24.247712,14.758427
425997655,174.02,PC,55.459877,-62.767049,8.69687,0.018031,1340.303729,0.002602,29.797713,0.001995,2.956428,0.37789,615.266785,46.774258,known TOI; followup in progress,4.38,0.21,0.734392,0.082496,1.835706,1.14071,475.47075,4813,111,12.07859,12.40131
425997655,174.03,PC,55.459877,-62.767049,8.69687,0.018031,1335.733561,0.009855,12.166894,0.004979,3.762924,0.660261,344.725694,165.30083,known TOI; marginal PC,4.38,0.21,0.734392,0.082496,2.013877,1.943425,640.901869,4813,111,39.873757,7.549213
425997655,174.04,PC,55.459877,-62.767049,8.69687,0.018031,1326.029824,0.003407,3.976337,0.000299,1.591158,0.203994,181.341014,24.060326,known TOI; marginal PC,4.38,0.21,0.734392,0.082496,1.006454,1.244018,930.444325,4813,111,177.126103,7.602264
307210830,175.01,PC,124.5319,-68.313,9.393,0.009,1356.203764,0.000855,3.690613,0.00023,1.267582,0.215477,1828.769675,87.79798,,4.9401,0.058929,0.313,0.009,1.348538,0.519391,481.053179,3469,68,12.655909,22.611319
307210830,175.02,PC,124.5319,-68.313,9.393,0.009,1355.2864,0.001047,7.451113,0.000568,0.835565,0.141109,1641.527815,121.92865,,4.9401,0.058929,0.313,0.009,1.434774,0.197076,380.614703,3469,68,4.95979,13.918656
307210830,175.03,PC,124.5319,-68.313,9.393,0.009,1354.906208,0.001878,2.253014,0.000285,1.018501,0.392408,571.225532,63.212646,,4.9401,0.058929,0.313,0.009,0.793986,0.687048,567.071721,3469,68,24.438411,9.80206
272086159,176.01,PC,115.0034,-72.2077,13.404,0.04,1363.04625,0.00081,16.15427,0.00013,1.608,0.132,73062.3,590.241,,4.98,0.41,,,,,333,3976.7,401.3,2.05436,21
262530407,177.01,PC,20.4391,-46.7144,9.438,0.016,1356.153,0.000649,2.853133,6.60E-05,1.264674,0.13067,1589.963199,58.600864,known TOI,4.76229,0.061557,0.525,0.016,2.175406,0.400998,652.938423,3703,66,42.954622,25.673399
251848941,178.01,PC,7.30125,-30.453734,10.351,0.017,1360.242325,0.00238,6.558054,0.00129,2.233632,0.32997,1461.710128,116.35722,,4.55528,0.449348,0.701202,0.152166,2.773247,1.134474,624.066076,4111,171,35.846215,11.100334
251848941,178.02,PC,7.30125,-30.453734,10.351,0.017,1354.55219,0.004083,10.354252,0.003165,2.236524,0.274134,1657.067907,446.14713,similar period to candidate 3,4.55528,0.449348,0.701202,0.152166,3.751004,1.518233,535.939787,4111,171,19.497772,9.537692
251848941,178.03,PC,7.30125,-30.453734,10.351,0.017,1362.953314,0.003512,9.955936,0.005123,2.521805,0.662672,1126.601724,147.61179,similar period to candidate 2 and may be wrong; only two transits,4.55528,0.449348,0.701202,0.152166,2.323174,2.683399,542.993812,4111,171,20.544734,7.679551
207141131,179.01,PC,44.262259,-56.192071,8.141,0.017,1354.588395,0.000649,4.137394,9.60E-05,1.829919,0.136448,1134.536706,42.86272,known TOI,4.51761,0.282094,0.838949,0.107368,2.813921,0.897569,935.847488,5058,181,181.276421,21.0557
51912829,180.01,PC,14.2984,-67.496272,9.481,0.02,1325.897913,0.000328,0.835398,9.00E-06,1.480314,0.020716,2689.072814,65.36989,Likely EB,3.77654,0.33082,2.28668,0.344444,14.870042,2.317963,3012.824178,6082,193,19472.25075,49.261066
76923707,181.01,PC,352.171955,-34.491371,10.411,0.019,1358.118127,0.000495,4.532037,0.000161,2.373894,0.052422,7256.580429,114.943214,,4.61445,0.318565,0.741265,0.110511,6.322712,0.96554,844.166174,4983,180,120.014242,64.93228
76989773,182.01,PC,353.294594,-35.463618,9.623,0.019,1355.082723,0.000254,1.769141,3.10E-05,1.958463,0.019511,9408.639864,61.502316,v-shaped; two stars in PSF,4.32065,0.291747,1.13502,0.149118,19.12079,5.670971,1551.301651,5569,187,1368.692921,160.33911
183979262,183.01,PC,21.649233,-72.749038,8.273,0.019,1326.104287,0.000147,3.430776,1.50E-05,3.130096,0.008128,8980.21782,30.697788,700 ppm secondary; likely EB; possibly synchronized with rotation,3.61332,0.359293,2.8586,0.454415,30.195551,4.80043,2143.169745,6270,196,4985.942668,296.1078
300871545,184.01,PC,117.65759,-70.533607,10.025,0.018,1327.376627,0.000164,4.817028,2.60E-05,3.194467,0.008697,23550.64038,81.8451,1000 ppm secondary; likely EB,4.24852,0.353278,1.40476,0.211901,23.899076,3.605441,1355.779169,6380,197,798.503509,339.0261
100100827,185.01,PC,24.354314,-45.677896,8.833,0.017,1354.458014,4.40E-05,0.941449,2.00E-06,2.15304,0.004752,10692.96369,23.348818,WASP-18b,4.36583,0,1.23,0,12.97984,0.028411,2191.330141,6400,0,5449.44472,465.15985
279741379,186.01,PC,51.74676,-63.499154,6.95341,0.017139,1350.3,0.001598,,,2.497779,0.134082,929.253415,,known TOI; single transit; no period; associated report shows a second TCE at 7.78 days,4.32239,0.236802,0.739077,0.078511,2.556572,,731.947459,4628.53,91.9226,67.832939,11.704529
260304296,187.01,PC,94.615669,-57.013569,9.093,0.019,1325.778915,0.000181,0.512589,3.00E-06,1.655647,0.013929,5643.213545,37.83573,v-shaped; very likely EB,4.19532,0.344818,1.58318,0.203704,20.511136,4.637096,3139.920049,6725,201,22971.81771,148.46315
278866211,189.01,PC,100.807855,-55.24454,10.218,0.018,1327.357534,0.000613,2.194097,4.10E-05,1.956189,0.036019,5681.89216,129.55716,8th mag star nearby; v-shaped; likely on target,4.39416,0.333298,1.1174,0.170754,14.822882,8.219116,1521.993852,6054,193,1268.155749,54.277805
166739520,190.01,PC,36.775436,-50.284518,9.632,0.018,1357.571578,0.000478,10.020817,0.000175,5.79945,0.035616,8256.898746,52.415806,WASP-117,4.35513,0,1.17,0,10.928113,0.06793,935.870204,6038,0,181.294022,162.08876
183532609,191.01,PC,359.900305,-35.03139,9.109,0.019,1358.920239,0.000342,8.159165,0.000501,4.437074,0.026217,15535.47482,185.4004,WASP-8,4.50501,0,0.94,0,12.359505,0.090212,671.578376,5600,0,48.07373,86.54609
183537452,192.01,PC,357.879533,-39.906726,10.195,0.017,1356.414736,0.000268,3.922743,7.40E-05,2.616187,0.028454,11502.26905,71.8658,WASP-29,4.53527,0,0.81,0,8.569172,0.129548,892.67773,4800,0,150.072046,171.82695
183985250,193.01,PC,358.667547,-37.62802,9.098,0.018,1354.214863,0.000275,0.792072,1.50E-05,0.686972,0.078023,1584.199003,42.921795,Tdur is short for Rstar,4.42223,0.273742,0.989961,0.11991,3.964752,1.358874,1856.024017,5422,185,2804.49951,35.477856
211438925,194.01,PC,5.160559,-23.935731,10.211,0.018,1356.565648,0.000383,4.899379,0.00013,3.342154,0.027737,10351.8249,83.83698,WASP-20,4.23158,0,1.39,0,15.126432,0.098251,1261.129151,5940,0,597.804609,134.42139
230982885,195.01,PC,24.604344,-55.772082,9.956,0.018,1355.490416,0.000138,2.072761,2.00E-05,2.588325,0.012332,13510.21607,47.685387,WASP-97,4.43703,0,1.06,0,12.482019,0.057433,1409.038827,5640,0,931.564316,299.29236
234519192,196.01,PC,14.551711,-64.761619,8.05,0.018,1354.30751,0.001705,1.163088,0.000126,1.805261,0.100137,595.248779,31.477335,v-shaped,3.32048,0.371256,4.17589,0.646514,17.734995,16.675673,3794.903884,6495,198,49014.44898,14.799333
441462736,197.01,PC,353.033649,-21.801397,7.303,0.017,1357.013115,0.004172,14.279001,0.006368,9.207214,0.29331,831.80496,45.163708,evolved star,3.39182,0.291381,3.08985,0.4107,10.267183,1.42518,1196.456735,5105,181,484.293897,14.385106
12421862,198.01,PC,2.2682,-27.1221,9.853,0.04,1356.375417,0.002301,20.427265,0.003312,2.178553,0.580092,1207.668052,111.82804,,4.83739,0.119367,0.444,0.024,1.562493,1.098136,325.269941,3763,65,2.645433,11.134932
410214986,200.01,PC,354.914556,-69.195787,7.771,0.018,1332.309957,,8.1375,,3.253514,0.111849,3576,,The transit was detected with a bunch of false signals due to detrending; But the two transits near epoch 1332.3098 and 1340.4473 looks reasonable;,4.438,0,1.19348,0.133655,7.78,,693.831939,5414,161,54.769421,20.744928
350618622,201.01,PC,87.401712,-54.910734,8.566,0.02,1376.05,,,,4.070756,0.642487,5625,,Single transit (no period),4.35,0.16,1.47856,0.147913,12.08,,821.637572,6461.8,83,107.706562,51.469883
355509914,202.01,PC,15.524836,-59.087778,14.587,0.019,1326.115925,0.002679,1.738316,0.000145,1.436749,0.172887,17370.80998,1709.56,The OOT centroid is wrong; The signal is on target.,4.52746,0.265458,0.787973,0.093596,11.61246,1.759699,1155.866345,4746,178,421.843611,11.086711
259962054,203.01,PC,43.0188,-67.6876,12.17,0.05,1327.729066,0.007615,51.953234,0.010389,6.315533,0.849625,2534.439984,296.2564,M dwarf; first transit is on/near momentum dump; the transit duration is a bit long for the reported period;,5.01682,0.423075,0.241,0.043,1.221202,0.392014,171.001482,3203,63,0.202079,8.938508
281781375,204.01,PC,12.975211,-59.343014,9.197,0.019,1328.032557,0.005254,43.828624,0.007815,4.507978,0.499727,546.296538,70.974144,Only two events;  first event is on/near momentum dump.,4.39973,0.270707,1.04101,0.124806,2.66922,0.59229,512.143197,5605,187,16.258731,7.262499
281575427,205.01,PC,7.975187,-56.965111,9.427,0.017,1326.336481,0.003776,4.251801,0.000517,3.333173,0.711858,311.282536,31.056303,,4.06,0.16,1.49076,0.177007,2.683795,2.73026,1496.658983,6222.5,83,1185.802682,9.437298
55650590,206.01,PC,73.73719,-62.522369,12.472,0.036,1325.542781,0.00105,0.736283,2.90E-05,0.514185,0.352528,1536.869715,204.35117,Gaia indicates it is an M dwarf,4.438,0,1,0,4.240277,3.797452,1172.681137,3358,0,446.931289,9.459942
260271203,207.01,PC,94.218078,-58.229816,13.42,0.019,1414.835781,0.00103,5.649621,0.000499,4.153365,0.074243,47439.1858,753.47375,follow-up in progress,4.31132,0,1.21025,1.21025,27.681535,27.683432,1144.190987,5963,190,405.05602,71.43821
314865962,208.01,PC,53.281311,-72.744226,10.315,0.019,1335.985928,0.005641,22.434498,0.004457,6.343609,0.787534,723.200514,71.88752,Last transit is near a momentum dump so period/depth might be affected. The other two are fine.,4.43001,0.290559,0.990784,0.129253,2.672727,1.372349,615.101269,5493,186,33.830428,9.723619
52204645,209.01,PC,19.394306,-66.902497,10.778,0.018,1325.883984,0.002528,4.379757,0.000333,1.651748,0.451224,1048.286075,90.82954,The signal is likely on target; the centroid offset seen in SPOC report is likely caused by the nearby giant 9th mag star;which has a peak in periodogram at 8.60 days; and causes the second bright spot seen in difference image,4.50955,2.00346,0.823924,0.823924,2.649894,4.129999,888.192103,4892,179,147.07831,11.460917
141608198,210.01,PC,88.960448,-73.984659,12.507,0.017,1329.821358,0.003362,9.010138,0.000985,1.870258,0.304552,4415.455564,388.95905,Gaia indicates this is a M dwarf. There is another star in the same aperture; SG1 needed.,4.438,0,1,0,7.051057,1.138021,496.304729,3275,0,14.338861,12.313416
300293197,211.01,PC,110.279641,-68.578384,9.448,0.019,1329.255719,0.001078,6.563939,0.000169,1.679329,0.08334,2055.220997,84.44678,known TOI,4.35182,0.109989,1.08871,0.158327,8.18578,6.41577,1037.145939,5873.97,102.627,273.451611,26.143084
206609630,212.01,PC,22.551,-59.5832,12.186,0.04,1325.491317,7.00E-05,0.335269,1.00E-06,0.71036,0.010057,18458.26176,232.43492,Possible M dwarf; Gaia give this source duplication flag; no radius/parallax available,4.94964,0.399131,0.301,0.051,5.506056,1.145435,1017.440993,3332,63,253.254941,96.13314
234345288,213.01,PC,38.886663,-71.624147,9.697,0.017,1343.336546,0.002193,23.516847,0.003057,3.465851,0.37539,1443.640118,87.838684,Be aware one of the signals is on the edge.,4.93,0.12,0.710519,0.069911,2.661113,1.12643,393.089259,4566.4,64,5.642684,8.245234
167415965,214.01,PC,99.460653,-70.932628,7.965,0.018,1336.68217,0.00393,18.55378,0.00112,3.643,0.453,314.619,0.424317,,4.5,0.03,0.77,0.03,1.49625,0.074895,647,5442,93.3,29.1529,13
231912935,215.01,PC,7.318019,-63.790619,10.475,0.018,1334.391185,0.003433,26.296721,0.004952,2.686196,0.577005,1089.498502,135.90546,A weak detection.,4.44094,0.328731,1.02065,0.156411,3.496061,1.726775,618.68204,5821,190,34.6251,8.026642
55652896,216.01,PC,73.980231,-63.260063,11.504,0.018,1331.28513,0.000867,34.539342,0.001153,5.503218,0.081042,18164.63022,219.47185,warm Jupiter,4.66348,0.2,0.715208,0.166392,9.539167,2.225013,422.056865,5025.77,125,7.499026,88.98796
55652896,216.02,PC,73.980231,-63.260063,11.504,0.018,1325.335632,0.00306,17.099142,0.001504,2.03145,0.243138,3953.404602,460.08835,another warm Jupiter in the system,4.66348,0.2,0.715208,0.166392,6.775325,8.882293,533.520222,5025.77,125,19.14805,14.878212
32090583,218.01,PC,58.42027,-68.739532,13.551,0.064,1325.550345,0.001127,0.438317,1.80E-05,0.754144,0.153195,2189.628541,308.80426,known TOI; host star is m dwarf,4.438,0,1,0,5.519939,0.738907,1306.000721,3146,0,687.534773,8.250534
150098860,220.01,PC,91.799884,-61.996896,9.656,0.018,1335.900564,0.002404,10.696823,0.001047,2.149557,0.321233,888.259436,71.16136,slight grazing,3.98846,0.066564,0.908505,0.084537,2.902651,0.85975,882.485905,5272.71,45.6,143.334954,13.074577
316937670,221.01,PC,356.4904,-56.3447,11.78,0.04,1325.342966,0.001421,0.62425,3.30E-05,0.774288,0.553938,954.060325,141.39258,M dwarf; low MES USP.,4.75169,0.35062,0.525,0.079,1.671618,2.989466,1106.211273,3765,73,353.894099,7.447938
326453034,223.01,PC,339.677665,-25.631723,10.206,0.018,1355.95751,0.002649,14.445918,0.003833,1.533311,0.535725,1273.806981,161.52963,Low significance; not enough information from centroid plot to determine if object is on target. Gaia indicates R*=2.7. Transit duration seems short for a giant. Period is similar to the spacecraft period but transit events are not near known scattered light events so they could be real.,4.48439,2.00352,0.87237,0.87237,3.290507,4.043106,629.495047,5063,181,37.109942,7.679153
70797900,224.01,PC,1.9774,-29.979,10.95,0.04,1365.843681,0.00024,,,1.881429,0.01978,77200,,V-shaped; single transit; likely EB.,4.78104,0.354228,0.487,0.074,14.749052,,379.471154,3689,66,4.900451,145.51558
77044471,228.01,PC,358.558713,-30.012999,13.199,0.018,1356.102509,0.001335,2.686063,0.000249,2.424327,0.12317,12456.67414,441.25824,HATS-16,4.23836,0,1.24,0,13.971752,0.714317,1456.620361,5738,0,1063.91396,21.75204
120610833,229.01,PC,5.237503,-35.998265,11.438,0.018,1354.773398,0.000561,3.126068,0.000111,1.693783,0.0351,11367.26672,238.25899,V-shaped.,4.4651,0,0.92,0,11.369727,0.20414,1073.494109,5100,0,313.848216,65.77172
160074939,230.01,PC,346.319044,-36.945536,8.721,0.019,1366.329788,0.002965,13.340145,0.004364,4.611198,0.546755,589.893526,79.06242,The transit signal maybe caused by scattered light.,4.16063,0.321775,1.57943,0.198661,3.929267,1.571116,1032.148032,6467,198,268.218641,7.757574
204376737,231.01,PC,348.157236,-22.673953,11.409,0.019,1357.394512,0.000268,3.361021,6.30E-05,2.579176,0.022597,24221.40354,165.62149,WASP-6,4.49371,0,0.86,0,13.443309,0.103755,1080.107715,5375,0,321.654235,156.59406
402026209,232.01,PC,353.562839,-42.061409,11.778,0.018,1355.184519,0.000153,1.338231,1.40E-05,2.157494,0.013812,27436.63431,117.951485,WASP-4,4.46024,0,0.92,0,15.284003,0.081395,1521.042417,5436,0,1264.987699,258.42633
415969908,233.01,PC,343.71,-18.9118,11.256,0.04,1365.263091,0.002808,11.665865,0.003883,2.010591,0.3316,2699.083486,292.65363,,4.79912,0.357198,0.464,0.071,2.570156,0.60497,388.108664,3644,64,5.362093,9.514482
12423815,234.01,PC,2.568707,-26.2824,14.569,0.018,1356.088115,0.001478,2.839249,0.00031,1.484886,0.106988,37161.89288,2062.7036,centroid shift is not significant.,4.438,0,1,0,20.670114,1.026549,811.060074,3642,0,102.266429,19.285355
280095254,235.01,PC,46.196133,-73.396554,9.319,0.018,1357.283631,0.001122,20.180235,0.001623,1.69476,0.093836,2744.474203,303.6333,V-shaped. Radius Teff and logg not consistent with each other; recommend follow-up to check stellar parameters. The period could be half of the current value. Gaia has excess astrometric noise.,3.44247,0.146076,1.00997,1.00997,6.56944,6.638686,927.243606,5454.42,77.327,174.701402,24.859026
9727392,236.01,PC,358.444723,-10.884944,11.239,0.019,1355.325711,0.000357,4.534451,0.000118,4.936391,0.025827,23574.84291,144.90733,1700 ppm secondary. Likely EB.,4.19,0.16,1.47459,0.322004,23.183789,5.063646,1435.559122,6421.5,83,1003.703259,162.49565
305048087,237.01,PC,353.2427,-29.4151,13.458,0.042,1355.24981,0.00261,5.433729,0.001053,1.172585,0.472631,6530.706532,843.5729,low MES.,5.04944,0.547167,0.214,0.049,1.741587,0.971689,344.377881,3139,98,3.324008,7.68747
9006668,238.01,PC,349.231362,-18.606628,9.897,0.018,1354.669184,0.002485,1.272419,0.000206,1.404112,0.309772,438.019033,49.08374,centroid offset not significant.,4.5685,0.30183,0.786822,0.109256,1.676542,2.047998,1336.13395,5024,181,753.218535,7.62233
9725627,239.01,PC,358.408542,-10.118057,10.973,0.019,1356.962278,0.000995,4.15701,0.000336,3.959188,0.09311,4851.510897,104.13186,,4.59,0.16,0.895031,0.171767,6.374038,1.23744,1155.548184,6362.5,83,421.379341,32.183025
101948569,240.01,PC,14.754696,-44.160832,10.593,0.019,1360.113171,0.003046,19.472408,0.004362,3.480887,0.452211,1645.952677,140.12372,,4.5109,0.370952,0.75705,0.133145,3.049011,1.470318,471.484233,4333,173,11.678571,11.03341
77031414,241.01,PC,354.168219,-34.611234,10.925,0.026,1355.195771,0.000212,1.386653,2.00E-05,2.289876,0.018571,14260.66117,86.77461,target could also be 77031413.,4.438,0,1,0,12.169298,0.08494,1777.594407,6286,196,2359.672342,168.579
120585579,242.01,PC,4.451491,-38.110851,12.452,0.018,1357.778211,0.000677,6.340315,0.000367,4.249306,0.056679,25410.70329,265.38632,The detected secondary could have a wrong depth estimation because of the low points near 1380.,4.28983,0,1.2666,1.2666,20.517917,20.518948,1141.116626,6083,192,400.720106,95.53354
149010208,243.01,PC,3.394055,-31.334372,11.637,0.019,1356.619165,0.000719,3.437004,0.000173,4.271161,0.043736,15173.12559,203.25404,Gaia radius is 1.8 Rsun. Planet radius is big.,4.29639,2.00435,1.24876,1.24876,16.428855,16.42949,1384.216067,6046,193,867.633967,72.0285
118327550,244.01,PC,10.570615,-36.718138,10.317,0.017,1357.365444,0.00269,7.395586,0.001447,1.149398,0.538523,1012.47853,133.86511,Stellar radius is likely to be smaller because Teff is low. Gaia shows it is a high proper motion star with big parallax.,4.438,0,1,0,3.399511,2.782252,540.916013,3342,0,20.232072,8.29432
154618248,245.01,PC,345.77877,-33.500373,8.441,0.017,1361.546719,0.001358,8.773772,0.000994,1.035961,0.169075,1008.057887,85.30659,"The target is two stars separated by <1""; TICOffset and OOTOffset not significant; no other star at the location of the centroid shift indicating signal likely on target",4.438,0,1.75101,0.193261,6.201622,1.162214,1042.042119,6208,117,278.651956,12.474381
158623531,246.01,PC,24.168162,-50.659178,11.192,0.018,1355.732521,0.000422,7.872846,0.000122,3.734301,0.037184,14870.543,109.76864,WASP-105,4.47933,0,0.9,0,10.907298,0.125792,777.255369,5070,0,86.253341,137.82335
160148385,247.01,PC,1.046353,-47.360626,11.857,0.018,1354.319952,0.000573,3.425239,0.000133,2.44683,0.042511,14427.18012,193.54935,WASP-96,4.42136,0,1.05,0,13.569362,0.169723,1175.886202,5540,0,451.837404,75.9552
201793781,248.01,PC,34.683547,-54.859771,8.445,0.02,1354.835774,0.001932,5.991198,0.000404,3.462171,0.240267,498.280389,33.505875,known TOI,3.84,0.08,1.22218,0.113498,2.823531,0.699897,1289.924629,5711.7,57,654.302141,12.305868
179985715,249.01,PC,14.080413,-38.948683,11.165,0.018,1359.540377,0.004044,6.613147,0.002144,2.248344,0.601013,1424.748364,169.94946,centroid offset not significant.,4.59257,0.222882,0.675431,0.064311,2.616461,1.848253,616.491044,4157,171,34.137215,8.842849
184240683,250.01,PC,359.348992,-41.27715,11.502,0.018,1355.508203,0.000305,1.628393,3.40E-05,2.376132,0.027347,13802.22023,111.3282,WASP-5,4.39502,0,1.03,0,12.182142,0.140212,1560.889789,5700,0,1402.845878,121.83825
224225541,251.01,PC,353.061818,-37.25589,9.307,0.017,1357.305816,0.001781,4.937712,0.000733,2.196239,0.334344,917.152864,79.04549,centroid shift not significant.,4.51783,0.262166,0.93956,0.109748,2.931246,1.206266,1041.918974,5862,190,278.520258,10.939553
237924601,252.01,PC,57.553578,-63.053777,11.624,0.019,1354.720066,0.000731,1.002192,2.80E-05,0.633253,0.247183,1892.113763,148.03098,known TOI,4.48308,2.00352,0.874822,0.874822,3.90427,5.327671,1535.904518,5071,181,1315.157827,13.430404
322063810,253.01,PC,14.317859,-51.584652,9.26511,0.017195,1355.612876,0.004283,3.515816,0.001043,2.001291,0.327831,309.195421,43.017746,There is another star in the same pixel. Centroid offset is not significant.,4.438,0,0.64746,0.0654,1.125571,1.62929,775.414216,4020,170,85.438976,7.196484
49687222,254.01,PC,351.705496,-11.725416,9.794,0.02,1360.073308,0.002667,20.186539,0.003807,1.866565,0.909295,1006.041833,143.67206,The transit shape looks asymmetric but it is not near known systematics; recommend to confirm signal on target before follow up.,4.48196,0.402847,1.01859,0.192495,3.283981,4.520391,696.895969,6101,193,55.743317,8.446979
204317710,255.01,PC,346.075057,-21.271946,13.684,0.018,1355.983448,0.001755,2.812077,0.000324,2.856534,0.146208,15289.11022,605.029,HATS-32,4.39704,0,1.1,0,13.712919,0.671681,1314.333457,5700,0,705.25026,19.77157
92226327,256.01,PC,11.247108,-15.271294,11.238,0.07,1389.285282,0.002133,24.73712,0.00025,1.958295,0.190383,4088.825398,360.44772,LHS-1140b,5.05701,0,0.19,0,1.369367,0.100452,268.378264,3131,0,1.226056,12.301941
92226327,256.02,PC,11.247108,-15.271294,11.238,0.07,1389.293276,0.002136,3.778378,0.000784,1.028338,0.2879,3334.77603,300.73108,LHS-1140c,5.05701,0,0.19,0,1.136554,0.410558,379.011837,3131,0,4.876768,10.993547
200723869,257.01,PC,47.516558,-50.832418,7.012,0.017,1385.77602,0.00105,18.37073,0.0008,6.319,0.267,1284.07,0.203551,First event is a partial transit,,,1.98,0.05,7.79111,0.208925,907,6050,71.6,112.672,61
350445771,258.01,PC,85.46744,-56.740516,10.998,0.019,1326.800815,0.001485,3.190394,0.000106,1.806342,0.080928,3437.243608,208.87587,possible secondary,4.26363,0.184454,2.12462,0.710855,14.782861,4.983982,1681.32758,6474.57,100.19,1888.558098,19.98294
12862099,259.01,PC,3.903156,-11.938108,12.333,0.018,1386.578118,0.000681,2.423823,0.000137,2.248401,0.054273,16167.17837,301.42267,WASP-44,4.47919,0,0.93,0,12.256272,0.248194,1235.07535,5410,0,549.914052,36.095585
37749396,260.01,PC,4.773193,-9.964846,8.42928,0.017033,1392.294408,0.00257,13.470018,0.003236,1.998396,0.343922,686.53595,64.596115,only two transits,4.6461,0.439409,0.631587,0.133807,1.637881,1.525768,465.937745,4111,171,11.13865,8.303118
63898957,261.01,PC,15.217632,-24.423907,9.02,0.02,1387.285571,0.002961,3.361391,0.000985,3.154215,0.649077,422.240474,41.641174,ambiguous period,3.92,0.08,1.31383,0.136209,2.746611,2.407731,1583.076324,5890.3,57,1484.322998,8.706955
63898957,261.02,PC,15.217632,-24.423907,9.02,0.02,1389.727185,0.003037,13.039359,0.004316,4.921832,0.531445,625.599569,58.03166,ambiguous period; many transits; need photometry to constrain period,3.92,0.08,1.31383,0.136209,3.348222,1.269619,1007.525683,5890.3,57,243.526095,10.275119
70513361,262.01,PC,32.533514,-31.06986,8.083,0.018,1389.839926,0.001816,11.146909,0.002487,1.357828,0.278714,647.37743,62.20103,ambiguous period,4.53515,0.037074,0.849618,0.07817,2.443881,0.688732,701.825226,5302.58,20.9902,57.337255,10.47471
120916706,263.01,PC,37.1081,-25.0974,15.851,0.062,1386.172349,0.00147,0.556737,7.30E-05,0.852671,0.16541,63679.09555,5715.9956,,5.06043,0.562987,0.205,0.048,5.224526,1.35549,722.296983,3116,101,64.325653,10.406471
122612091,264.01,PC,41.040001,-30.169041,10.452,0.018,1412.216081,0.000864,2.216824,0.000132,3.900151,0.059376,4419.364288,75.66216,WASP-72b,3.98811,0,1.98,0,14.074801,0.196391,2012.996665,6250,0,3880.549459,40.51738
159951311,265.01,PC,49.562227,-41.302145,11.664,0.018,1411.268589,0.000652,5.924519,0.000261,2.838426,0.06848,11985.02612,192.04625,WASP-139b,4.59604,0,0.8,0,8.750112,0.245928,839.136897,5310,0,117.17967,54.798508
164767175,266.01,PC,26.209635,-18.400947,9.433,0.019,1393.078739,0.003507,10.767807,0.004925,3.397389,0.758994,650.610352,76.32915,period ambiguous for .01 and .02; unclear which transits are attributed to which candidates; will not be observed again in nominal mission,4.438,0,0.929557,0.09191,2.407741,1.944029,815.979892,5784,55,104.770454,9.309046
164767175,266.02,PC,26.209635,-18.400947,9.433,0.019,1392.104974,0.004409,6.19132,0.003482,3.4164,1.161866,345.240264,62.78886,period ambiguous for .01 and .02; unclear which transits are attributed to which candidates; will not be observed again in nominal mission,4.438,0,0.929557,0.09191,1.759371,2.874777,981.282679,5784,55,219.127828,8.478584
166836920,267.01,PC,39.897688,-50.008005,8.923,0.018,1387.960271,0.00042,5.75244,0.000221,5.385902,0.035574,5386.655432,40.782204,WASP-99,4.11766,0,1.76,0,13.179698,0.113059,1351.431895,6180,0,788.311133,137.02477
219253008,268.01,PC,65.915985,-53.850952,9.6,0.05,1385.12498,0.00098,5.06665,0.00014,6.048,0.067,1911.43,0.162741,"Two stars in center pixel 2"" apart; stars closer to Tmag 10",3.57,0.34,2.79,0.45,13.4169,2.16637,1609,5868,190,1114.96,52
220479565,269.01,PC,75.846109,-54.177194,12.27,0.018,1411.429201,0.001477,3.697582,0.0004,0.856725,0.398988,4963.044666,498.0945,no GAIA Rstar,4.438,0,1,0,7.079135,5.182592,735.56512,3607,0,69.183975,11.053213
259377017,270.01,PC,68.4154,-51.9562,10.416,0.04,1389.502678,0.000944,5.660209,0.000747,1.668381,0.187213,3814.385595,175.4525,possibly half or same period as .02,4.83982,0.382963,0.415,0.068,2.578031,0.637317,465.113382,3551,74,11.060031,21.011288
259377017,270.02,PC,68.4154,-51.9562,10.416,0.04,1389.678659,0.001216,11.379126,0.001761,2.141425,0.228887,3206.175055,165.33174,period possibly half because of gap in data,4.83982,0.382963,0.415,0.068,2.363348,0.592639,368.524769,3551,74,4.359009,18.4225
259377017,270.03,PC,68.4154,-51.9562,10.416,0.04,1387.092173,0.002446,3.359857,0.000804,1.371541,0.521477,1034.961384,119.63065,,4.83982,0.382963,0.415,0.068,1.372749,1.280206,553.430026,3551,74,22.170316,9.26651
259511357,271.01,PC,70.775334,-50.219614,8.412,0.021,1411.945767,0.001703,2.475732,0.000299,1.056895,0.345095,418.364873,42.9912,follow-up in progress,4.33135,0.387055,1.19508,0.217965,2.538582,2.900677,1507.224693,6025,192,1219.643778,10.372596
268766053,272.01,PC,31.909198,-20.661837,11.692,0.019,1386.231709,0.00046,3.30968,0.000124,2.283755,0.035981,19306.42895,247.67601,WASP-53,4.55653,0,0.8,0,11.739523,0.150417,964.896259,4953,0,204.853549,69.82393
281979481,274.01,PC,130.504849,-75.801512,10.443,0.018,1386.381414,0.002218,0.542248,0.000106,1.014235,0.140909,696.539405,202.15729,needs follow-up to check if signal is on-target,4.54631,0.289574,0.827835,0.108876,2.872933,0.80413,1862.376816,5181,182,2843.094062,8.449253
373844472,275.01,PC,81.516837,-67.233034,10.975,0.019,1326.061419,0.000213,0.919476,4.00E-06,1.463932,0.021281,10356.7672,103.05044,v-shaped; likely EB,4.3762,2.00392,1.07108,1.07108,17.936441,18.680464,1886.390549,5616,187,2992.591576,105.71457
382188882,276.01,PC,81.352974,-55.019917,10.615,0.018,1387.759868,0.001184,4.800523,0.000607,2.058526,0.087929,5388.911854,300.2252,likely EB,4.16217,0.47536,1.54753,0.339098,14.952258,5.252722,1422.753268,6366,197,968.365634,27.180143
439456714,277.01,PC,19.0772,-20.9522,11.681,0.04,1389.02917,0.001801,3.994244,0.000716,2.035741,0.136515,5783.507445,330.01193,check that 439456712 is not the target,4.7573,0.343554,0.517,0.076,4.323406,0.672682,590.383342,3748,64,28.711599,15.177195
244161191,278.01,O,4.8831,-5.9113,13.099,0.059,1386.106592,0.000835,0.298746,2.30E-05,1.046606,0.071629,12047.11181,716.01935,possible dipper; not a planet candidate; Rstar may be larger than stated,5.13527,0.496238,0.154,0.032,2.630575,2.642784,780.93174,2955,95,87.896848,13.262328
122613513,279.01,PC,41.188507,-32.210889,10.475,0.018,1411.359758,0.002557,11.493044,0.001809,2.353926,0.495941,1661.481473,162.14601,follow-up in progress,4.46332,0.440143,0.782234,0.166067,3.142474,2.516292,549.927904,4140,171,21.614442,8.376883
42054565,280.01,PC,24.16871,-36.41367,9.957,0.018,1393.67584,0.003073,10.175948,0.004156,1.804196,0.939437,958.058218,168.9886,low SNR; possible instrument systematic; source is possibly 42054566 which is 4.24 as away,4.59104,0.274395,0.818749,0.100382,2.539445,4.797727,723.862758,5454,185,64.885243,7.16804
38696105,281.01,PC,66.1363,-60.129968,10.482,0.018,1387.482051,0.004646,5.566734,0.00248,2.473858,0.759529,642.92426,87.79987,,4.12354,0.117071,1.49097,0.245336,3.918084,3.473302,1287.887701,6002.18,42.1958,650.17907,7.370054
29781292,282.01,PC,65.238019,-68.102664,8.932,0.017,1337.21241,0.003585,56.00327,0.005172,9.045741,0.320251,762.394566,35.47119,two transits; a third transit could be an eccentric secondary or single transit of second planet; there are nearby stars (TIC 29781293) and centroid analysis inconclusive,4.22436,0.295755,1.4284,0.169584,4.160116,0.56697,600.128045,6321,196,30.654673,19.660507
29781292,282.02,PC,65.238019,-68.102664,8.932,0.017,1355.735635,0.003949,31.323499,0.005843,3.073476,1.194923,385.010273,55.89187,could be a secondary of .01 or a single transit detection of a second planet,4.22436,0.295755,1.4284,0.169584,2.858758,4.878209,728.380474,6321,196,66.520297,7.174959
382626661,283.01,PC,118.569575,-65.441521,9.649,0.019,1333.47461,0.00409,17.61744,0.00143,3.566,0.377,448.25,0.979635,two stars in center pixel,4.64,0.28,0.83,0.01,1.9302,0.09657,608,5203,46.3,22.7525,10
150030205,286.01,PC,90.983643,-60.666326,9.076,0.018,1327.82102,0.003063,4.511412,0.000323,1.867482,0.334433,277.134476,28.69174,likely marginal,4.57666,0.27213,0.807395,0.097992,1.391947,1.327365,915.854733,5245,183,166.275161,8.978107
2758565,287.01,PC,356.283124,-17.449174,12.284,0.018,1356.03117,0.00123,3.78192,0.00043,2.041,0.113,41928.5,3071.56,synchronized with stellar rotation,4.42,2,1.16,0.04,26.2274,7.14607,1340,5791,88.4,535.538,28
49710555,291.01,PC,352.164383,-10.859566,12.248,0.019,1359.62204,0.00326,12.07397,0.00381,3.626,0.293,19440.1,2105.12,possible centroid shift,4.35,,1.37,0.02,21.0059,6.91694,1115,5773.2,34.4,257.292,16
180285396,292.01,PC,14.713941,-36.68835,13.193,0.018,1363.14401,0.00301,10.3698,0.00451,2.272,0.21,11344,21.4374,V-shaped3,4.56,0.24,0.68,0.05,8.00825,0.674889,536,4684.9,168.5,13.7488,14
355637190,293.01,PC,358.154472,-54.468865,11.004,0.018,1326.22108,0.00072,0.80546,2.00E-05,1.189,0.183,3080.3,5.19045,V-shaped;,4.13,0.69,1.45,0.25,8.83739,1.5467,2365,5905,456.4,5194.22,71
188570092,294.01,PC,339.026294,-16.999954,11.386,0.033,1358.78126,0.0011,7.32829,0.00054,2.939,0.201,12507.5,4.38753,none,4.54,0.26,0.73,0.03,9.0024,0.425712,732,4628.8,100.5,47.917,72
327952677,295.01,PC,359.091748,-13.271651,12.058,0.019,1356.40432,0.00113,3.39656,0.00028,2.094,0.301,9322.75,8.23177,none,4.37,,1.28,0.08,13.5856,0.980623,1273,5835.9,192.7,437.265,50
382463648,296.01,PC,353.104835,-45.909528,13.042,0.018,1355.52978,0.00317,12.62733,0.00201,3.523,0.346,7993.2,12.1196,The period could be either 12.635 or 25.27,4.47,2,0.91,0.06,8.96608,0.704185,709,5378,187.7,42.02,16
115242351,297.01,PC,6.176856,-36.114396,13.006,0.018,1358.77289,0.0076,5.67116,0.00336,1.783,0.722,6169.6,475.513,none,4.52,2,1.06,0.1,9.14963,2.68054,848,4933.2,225.3,85.9398,9
206686292,298.01,PC,344.060677,-34.361099,12.708,0.018,1354.35602,0.0016,1.32901,0.00014,1.756,0.123,30730.6,3419.63,synchronized?,4.27,,1.54,0.11,29.7477,10.1385,2527,6565,229.8,6772.14,32
156075294,299.01,PC,10.594603,-48.29355,12.243,0.018,1354.69581,0.0036,5.72144,0.0012,4.069,0.758,5849.18,13.6477,none,4.39,,1.18,0.07,9.94459,0.769781,1405,5564.6,167.4,647.567,31
144301052,301.01,PC,354.297494,-42.010266,12.017,0.018,1356.92824,0.00631,3.74317,0.00187,2.781,0.369,1493.41,5.19818,none,4.3,,1.77,0.07,7.52503,0.540167,1326,5945.2,124.4,514.211,10
229111835,302.01,PC,17.480755,-52.239441,12.829,0.019,1356.68237,0.00169,6.70145,0.00101,1.579,0.172,9937.94,17.7796,none,4.59,0.22,0.61,0.07,6.72755,0.798127,531,4383.1,246.6,13.289,21
145750719,303.01,PC,341.364029,-14.991761,11.972,0.018,1357.55952,0.00192,3.56133,0.00058,3.763,0.245,4936.7,3.72449,none,4.37,2,1.52,0.15,11.7554,1.24018,1407,5464.6,280,651.023,36
262530873,304.01,PC,20.494044,-44.416756,12.466,0.018,1356.28606,0.00539,2.24172,0.00091,3.989,0.304,19016.2,28.7603,Likely EB; Big but flat bottomed.,4.28,,1.85,0.14,28.0463,2.3646,2056,6377.5,240.1,2971.37,13
102030574,305.01,PC,15.844683,-44.705807,12.26,0.018,1364.10083,0.00074,9.94962,0.00096,4.23,0.32,17432.6,7.81254,likely EB;,4.31,,1.68,0.03,24.3742,0.647209,966,5819,46.6,144.726,73
114749636,306.01,PC,359.191553,-22.153163,11.708,0.018,1357.67041,0.00131,4.59971,0.0005,4.207,0.36,6999.89,1.35751,none,4.42,2,1.36,0.02,12.5113,0.229255,1606,5839.2,34.8,1105.01,53
9100874,307.01,PC,350.578441,-22.67739,13.073,0.019,1357.84005,0.00352,6.16425,0.00199,2.432,0.244,41769.7,4162.09,none,4.36,,1.25,0.14,28.0052,9.39178,1180,5795,343.1,322.896,16
281710229,308.01,PC,11.484669,-55.922574,11.645,0.018,1360.88042,0.00127,8.30985,0.00127,2.252,0.069,45266.8,1159.35,v-shaped;,,,0.85,0.09,19.8353,3.8578,786,4801.3,259.3,63.3678,67
228507250,309.01,PC,358.039584,-15.80083,12.328,0.017,1360.01144,0.00171,6.15864,0.00127,2.146,0.318,11755.7,11.1878,none,4.44,2,0.91,0.02,10.8743,0.381098,824,5407.5,45,76.5707,29
175477257,310.01,PC,351.105838,-36.975983,12.357,0.018,1356.58788,0.00149,4.26938,0.00043,3.786,0.323,7563.24,4.00559,none,4.35,,1.32,0.06,12.5807,0.650207,1362,5766,135.1,571.272,50
434105231,311.01,PC,354.33556,-13.455698,12.819,0.018,1354.99864,0.0005,0.79632,3.00E-05,1.175,0.051,38913.6,1729.29,maybe EB; V-shaped; some odd-even,4.61,0.23,0.9,0.06,19.6284,4.33412,1466,4062.7,135.5,767.389,76
180145006,312.01,PC,14.523299,-37.942514,12.208,0.018,1357.54535,0.00313,3.54148,0.00065,2.115,0.578,4668.74,12.9041,none,4.37,,1.27,0.01,9.56299,0.513511,1367,5787,31.6,580.215,22
9102327,313.01,PC,350.779792,-19.419677,11.258,0.018,1354.54332,0.00351,3.2615,0.00086,2.233,0.211,1652.28,2.86135,target star is two stars in Gaia ();  check if it is on target;,3.41,0.25,1.13,0.05,5.07097,0.314799,1248,5963,143.3,403.299,16
316769613,314.01,PC,354.668235,-32.860621,11.098,0.018,1355.59503,0.00519,10.18242,0.00536,3.897,0.679,992.522,3.54336,none,4.5,2,0.76,0.02,2.62695,0.169321,786,4852.1,59,63.5077,10
66356824,315.01,PC,12.076306,-32.119339,12.359,0.018,1355.60958,0.0027,1.77662,0.00036,1.297,0.21,2920.56,8.80054,none,4.4,2,1.37,0.07,8.14633,0.606067,1233,5602,141.6,384.727,14
8988289,316.01,PC,354.759305,-9.882061,12.996,0.019,1365.98759,9.00E-05,13.32379,0,2.561,0,95718.1,0.751665,V-shaped,4.59,0.22,0.84,0.04,28.7396,1.39025,526,4312,103.3,12.7172,48
402319411,317.01,PC,353.539987,-14.859942,12.888,0.018,1355.09217,0.00391,3.3262,0.00094,2.931,0.21,23018.2,28.4816,none,4.46,2,0.95,0.03,15.8602,0.768148,1212,5359.5,92,359.203,14
206352378,318.01,PC,355.015478,-53.039028,13.151,0.018,1327.33174,0.00117,3.74649,0.00014,2.118,0.27,18568.1,37.3027,V-shaped; need to check if it is on target.,4.53,0.27,0.73,0.02,10.9142,0.604215,1023,4804.3,78.2,181.904,53
389753172,319.01,PC,351.290954,-47.945505,12.63,0.018,1325.89923,0.00035,0.71356,1.00E-05,0.965,0.04,42497.5,1939.62,There is a potential odd even;,4.58,0.22,0.64,0.04,14.5829,3.23369,1572,4349.7,128.9,1014.52,78
188593930,320.01,PC,345.522736,-16.359925,12.345,0.06,1354.27607,0.00343,1.46503,0.00029,1.145,0.252,3162.12,9.28965,none,4.36,,0.88,0.12,5.43222,0.825769,1379,5912.5,441,601.367,15
175476629,321.01,PC,350.977728,-38.225709,12.794,0.018,1354.27156,0.00674,1.14057,0.00053,2.188,0.24,5009.01,843.33,"There is some centroid offset, but there is no star there.",4.44,2,0.84,0.01,6.52263,2.67802,2986,5349.5,38.6,13201.6,16
198077394,322.01,PC,63.825187,-56.253756,10.671,0.019,1355.68563,0.00157,3.99076,0.0005,3.752,0.622,2942.91,2.97196,not synchronized; no GAIA radius,3.72,0.12,,,,,1783,5937.3,80,1677.8,49
251852984,323.01,PC,8.202822,-32.059327,13.272,0.018,1355.57459,0.00404,2.77422,0.0008,1.71,0.32,4575.49,15.247,none,,,0.72,0.06,5.32996,0.533207,951,4676.8,190.9,135.912,12
156002449,324.01,PC,8.481881,-50.729261,13.344,0.019,1357.7274,0.00166,5.2852,0.00063,4.869,0.145,25198.7,5.90152,Big;,4.32,,1.28,0.16,22.3283,2.82111,1410,6145.6,395.7,657.719,59
66413476,325.01,PC,13.876994,-33.512212,11.884,0.018,1357.72126,0.00274,4.36924,0.0008,1.679,0.224,13626.8,1823.54,There might be some odd even difference.,,,0.86,0.04,10.9944,4.0623,1028,4454,117,185.743,22
144336525,326.01,PC,356.114886,-46.866585,11.699,0.018,1354.25954,0.00091,0.24733,1.00E-05,0.499,0.063,6445.33,758.25,really short period.,3.75,0.12,1.25,0.06,11.0751,3.83251,3430,6316,152.4,22981.4,36
206669860,327.01,PC,343.633006,-34.502741,13.402,0.018,1362.96027,0.00415,10.06378,0.00509,2.045,0.602,12453.2,100.978,two events; odd even?,4.35,,1.34,0.3,16.4513,3.93706,706,5954,685.8,41.4314,13
139357541,328.01,PC,349.487672,-43.92556,12.724,0.018,1355.80666,0.00294,4.47894,0.00109,1.311,0.229,12404.7,1287.53,V-shaped,4.31,,1.14,0.08,14.0072,4.61112,1180,6254,212.7,322.457,16
169765334,329.01,PC,351.32088,-15.634658,10.653,0.018,1354.94883,0.01313,5.7018,0.00449,4.452,0.881,3739.38,460.686,none,4.02,0.12,1.58,0.04,10.6252,3.74137,2154,5560.7,77.8,3577.39,9
27966179,330.01,PC,358.751494,-22.538712,12.721,0.02,1355.6917,0.00101,4.27958,0.00034,2.499,0.276,14349.8,19.8844,none,,,0.7,0.02,9.1794,0.44722,850,4309.5,68.8,86.7962,48
262531275,331.01,PC,20.41931,-42.481733,12.963,0.019,1356.00813,0.00468,2.48421,0.00074,1.554,0.601,4987.6,395.597,possible centroid offset; the fainter star to the north has a smaller radius than the target.,4.39,,1.88,0.1,14.5824,4.17366,1465,5476,141.9,766.503,13
139285832,332.01,PC,348.058743,-44.876365,11.458,0.018,1325.80984,0.00201,0.77707,5.00E-05,1.408,0.218,1319.72,1.5785,none,4.47,2,0.99,0.1,3.97103,0.413995,1817,5106.5,258.2,1813.39,28
224245334,333.01,PC,353.357466,-41.171509,11.474,0.019,1355.55844,0.00559,3.79069,0.00166,2.661,0.472,1026.28,4.78334,none,4.29,0.42,1.17,0.09,4.11909,0.410883,1340,6023,224.7,536.618,9
41865539,335.01,PC,21.322323,-39.947812,12.287,0.018,1354.86627,0.00394,1.26092,0.0004,2.718,0.72,4825.94,27.7901,odd even unreliable,4.36,,1.11,0.03,8.46782,0.678134,2344,5875,75.2,5014.81,12
155986102,337.01,PC,7.329948,-50.140124,11.944,0.018,1360.61731,0.00148,6.87168,0.00112,3.16,0.165,39248.4,3340.78,The period is twice as reported; there appear to be a second event in the data.,4.43,2,1.33,0.03,28.967,8.47293,1230,5446,57,380.128,26
116156517,338.01,PC,7.709303,-40.573434,11.277,0.018,1357.37358,0.00139,5.36732,0.00057,4.569,0.544,6303.88,2.53914,none,4.21,1.94,1.66,0.07,14.4647,0.705888,1639,6677.8,149.7,1198.25,67
80439101,340.01,PC,11.747296,-44.369938,12.573,0.018,1361.05759,0.00237,7.42229,0.00093,6.432,0.37,47910.2,429.882,V-shaped; likely EB; period could be twice the reported.,4.37,,,,,,1465,5829,242.2,766.624,57
33911302,341.01,PC,355.844948,-23.997888,13.249,0.019,1355.75117,0.00169,1.81383,0.00024,1.113,0.123,12561,18.8225,none,,,0.87,0.08,10.7521,1.09441,943,4882.4,229.9,131.757,22
415969574,342.01,PC,342.170291,-18.520457,12.79,0.019,1362.57199,0.00281,10.45776,0.00388,3.148,0.289,8773.24,12.3668,two transits; no gaia radius,4.38,,,,,,792,5800,200.4,65.5508,21
66497310,343.01,PC,356.045314,-18.889502,12.357,0.033,1355.52155,0.00266,1.75649,0.00036,1.377,0.175,3133.49,7.76834,none,4.36,,1.21,0.01,7.44507,0.377716,1308,5811.3,28.3,486.968,15
13023378,344.01,PC,347.053599,-28.007883,11.869,0.018,1358.25733,0.00177,6.06764,0.001,2.895,0.131,6362.78,3.56978,none,4.31,2,1.06,0.07,9.31494,0.677875,1055,6159.2,217.2,205.908,35
308208458,345.01,PC,5.696952,-34.39209,13.469,0.019,1362.15706,0.00301,11.22917,0.00294,2.893,0.302,12866.3,17.3964,possible odd even;,4.48,2,0.89,0.12,11.1339,1.57051,646,5172,393.7,29.0213,14
118327533,346.01,PC,10.3445,-37.343003,12.688,0.019,1354.79225,0.00155,8.28154,0.00099,2.317,0.157,40635.6,2585.21,the period is twice as reported; V-shaped.,,,1.33,0.16,29.5675,8.21886,1037,6239,363.5,192.426,18
224271611,347.01,PC,354.489847,-36.571572,11.164,0.018,1355.18601,0.00428,4.0394,0.00109,0.749,0.196,1627.44,58.0422,none,3.57,0.12,1.32,0.06,5.86883,1.14398,750,5989,148.3,52.57,9
70785910,348.01,PC,1.583606,-30.336272,12.169,0.018,1354.36474,0.00131,0.49486,4.00E-05,1.008,0.249,3031.36,14.2781,V-shaped;,4.36,,1.61,0.11,9.7623,0.964847,2403,5675.7,197.7,5543.7,39
382474101,349.01,PC,12.274293,-52.046527,10.179,0.04,1354.56049,0.00043,2.65221,7.00E-05,3.791,0.221,10286.5,1.70453,400 ppm secondary; synchronized,4.29,2,1.25,1.25,13.9745,13.9757,1902,6054,193,2173.55,103
199731190,350.01,PC,21.292013,-47.262926,12.306,0.018,1355.90325,0.00168,2.51276,0.00031,1.417,0.135,4449.3,4.91533,none,4.41,2,0.85,0.08,6.21591,0.650184,1065,5635,280.6,213.806,28
228381868,351.01,PC,357.580534,-17.077572,12.026,0.018,1356.67382,0.00242,3.46583,0.0006,3.878,0.143,4777.63,2.00989,star is evolved,3.86,0.12,1.64,0.26,12.4467,1.98525,1519,5772.7,474.6,885.715,32
47423120,352.01,PC,342.067496,-24.838607,10.948,0.018,1356.83006,0.0002,11.6235,0.00022,2.783,0.142,44708.7,19.9684,The period could be half;,4.34,2,0.89,0.04,20.7208,1.02159,661,5518,125,31.7369,230
100099031,353.01,PC,24.272345,-46.945312,13.369,0.018,1355.02081,0.00302,1.29866,0.00028,2.017,0.459,7804.01,25.9875,big;,,,2.7,0.08,26.2299,1.69419,1708,4971,72.7,1413.47,20
100097716,354.01,PC,24.047739,-42.303771,11.321,0.027,1354.37712,0.0012,2.99995,0.00019,1.458,0.278,7921.65,12.8631,Two stars in the same pixel,,,1.4,0.02,13.7264,0.585848,1106,5767,40.3,249.205,26
183593642,355.01,PC,17.888013,-36.709111,10.934,0.019,1355.08121,0.00204,1.03742,0.00014,0.783,0.295,1796.3,54.1739,potential odd/even difference,4.23,0.36,1.36,0.03,6.35818,1.11088,1814,5936,57.2,1798.91,16
369336146,356.01,PC,6.06998,-37.222073,12.977,0.018,1358.03764,0.00596,5.77014,0.00468,3.781,0.594,3164.71,12.1891,none,4.41,2,1.62,0.17,10.0057,1.22247,1137,5497.7,332.6,278.244,11
220016044,357.01,PC,32.321768,-48.484745,10.394,0.019,1354.34394,0.00449,0.93985,0.00032,0.923,0.415,597.282,9.9105,weak signal,3.55,0.16,2.31,0.07,6.21955,0.824779,1943,6576.7,103.9,2366.49,9
321982642,358.01,PC,3.060934,-47.355409,12.827,0.018,1356.32633,0.00147,9.105,0.0012,1.806,0.196,25320.7,1489.6,odd/even not reliable,4.42,2,1.11,0.18,19.375,5.61313,763,5689,470.1,56.4073,37
80432617,359.01,PC,11.67308,-42.361801,12.239,0.031,1360.67423,0.01071,5.48403,0.00596,6.461,2.104,1790.96,17.571,two events (near 1360 and 1377); wrong period?,4.42,2,1.94,0.16,9.05073,1.16346,1859,5475.9,233.8,1984.99,10
13023738,360.01,PC,347.084817,-29.590306,12.184,0.018,1354.97828,0.00649,8.05577,0.00291,2.835,0.4,3043.7,7.07752,centroid shift in X/Y is due to the star nearby but the signal is on target.,4.42,2,1.66,0.1,10.0535,0.777727,867,5725,175.7,93.8064,12
144276942,361.01,PC,353.904034,-44.808807,11.853,0.018,1354.57959,0.0025,1.53533,0.00025,0.499,0.178,2645,66.7346,none,4.59,0.22,0.68,0.03,3.82155,0.627844,648,4215,87.4,29.3458,12
305048116,362.01,PC,353.238144,-28.319746,12.506,0.018,1357.85959,0.0039,7.11679,0.00192,1.979,0.298,4062.74,10.5072,the super bright star to the southwest is TIC 304698788; does not have a signal.,4.38,,1.04,0.05,7.26823,0.496069,756,5626,126.9,54.4068,13
262530780,363.01,PC,20.547259,-44.861946,12.871,0.018,1361.87743,0.00184,8.22393,0.00156,2.266,0.35,15573.1,209.203,none,4.5,2,1.03,0.04,14.1826,1.75,796,5092.9,110.5,66.9215,26
47425697,364.01,PC,342.256131,-24.959275,10.431,0.018,1354.46949,0.00517,0.49393,0.00018,0.89,0.395,456.821,10.0033,a little v-shaped; possible EB,4.28,0.16,,,,,2194,6016,375.3,3850.34,10
118586896,365.01,PC,10.922291,-38.043195,13.209,0.018,1365.97342,0.00173,12.10588,0.00208,3.393,0.157,67723.6,1063.27,likely EB; V-shaped,4.36,,1.3,0.04,37.3164,4.7858,873,5813,80.4,96.6708,41
251878904,366.01,PC,9.691992,-34.214912,13.475,0.018,1354.48285,0.00494,1.70429,0.00049,1.933,0.588,7629.91,71.1437,too faint,,,1.34,0.03,12.9193,1.28779,1558,5414,67,979.869,13
9033144,367.01,PC,349.606182,-19.823931,9.713,0.018,1354.29153,0.00156,4.71452,0.00057,3.317,0.138,19805.2,731.509,likely EB,3.9,0.12,1.28,0.09,19.8414,4.04076,1781,5756.9,195.2,1670.65,37
77031413,368.01,PC,354.170142,-34.611816,11.442,0.018,1355.1953,0.0003,1.38665,3.00E-05,2.289,0.042,21516.7,1.67738,two stars in the same pixel;,,,0.96,0.04,15.4398,0.680054,1652,5365,118.3,1237.22,192
175482273,369.01,PC,351.229222,-38.160736,9.054,0.019,1354.34549,0.00064,5.46349,0.00032,2.973,0.259,3229.13,0.802102,PC (star radius 1.70); Simbad says it's a known double. Gaia did not have a second star at the same coordinate.,,,,,,,0,6228,,373.911,73
251855940,370.01,PC,8.659667,-32.166524,13.465,0.018,1354.28979,0.00112,4.04655,0.00038,2.993,0.292,24618.6,21.69,none,4.35,,1.05,0.01,18.168,0.562415,1248,5817,25.5,403.816,52
156016136,371.01,PC,8.923843,-50.316982,12.609,0.018,1357.43733,0.00297,3.4805,0.00073,2.24,0.183,4760.73,6.66082,none,4.41,2,0.89,0.03,6.77791,0.327423,1092,5430.5,83.4,236.419,14
441075486,372.01,PC,359.759017,-15.612006,11.954,0.018,1354.76663,0.00045,1.12026,3.00E-05,2.118,0.034,42040.2,1108.42,likely EB; V-shaped;,4.42,2,0.75,0.02,16.9422,2.7906,2509,5769.7,78.5,6580.33,153
9032368,373.01,PC,355.901887,-11.269515,13.21,0.018,1355.67942,0.00364,1.632,0.00042,1.466,0.341,5681.64,21.4543,target is likely 9032367 (still possible to be a planet);,4.35,,1.12,0.05,9.26982,0.696877,1468,5930.5,129.9,771.468,13
183675732,374.01,PC,358.227493,-41.700497,12.93,0.018,1356.62212,0.00294,5.4823,0.0015,3.914,0.225,7328.4,4.65535,none,4.36,,1.26,0.03,11.8498,0.404921,1209,5788,66.5,355.765,22
280097543,375.01,PC,47.150091,-77.383278,10.387,0.019,1329.29739,0.01149,9.44859,0.00358,10.058,1.046,578.908,1.22075,needs follow-up to confirm stellar parameters,3.52,0.12,3.08,0.11,8.16152,0.475387,1331,4939.8,90.7,522.497,10
144301273,376.01,PC,354.445491,-42.966404,12.386,0.018,1355.44295,0.00138,2.75161,0.00024,1.697,0.278,9209.98,8.14321,none,4.43,2,1.04,0.1,10.9759,1.15501,1150,5381.6,285.1,290.623,45
139285736,377.01,PC,348.039807,-45.017154,11.896,0.018,1326.05107,0.0011,1.55028,5.00E-05,1.571,0.085,23529.8,2256.7,possible centroid offset;,,,0.87,0.03,14.723,4.58264,1806,5039.5,80.5,1769.75,49
20892672,378.01,PC,1.39897,-19.489429,12.378,0.127,1356.50088,0.00214,3.10926,0.00045,2.506,0.221,5448.84,4.46476,2 stars in same pixel with dmag 1,4.32,,1.18,1.18,9.58224,9.58616,1338,5894,190,532.263,32
100014359,380.01,PC,23.280468,-47.882043,13.405,0.019,1354.38198,0.00069,0.50459,2.00E-05,1.339,0.12,17494.4,51.9704,none,,,0.71,0.05,10.2773,0.865441,2484,5227,166.8,6322.87,73
207084429,381.01,PC,22.756615,-51.215438,7.186,0.019,1356.07033,0.00392,4.89388,0.00156,2.789,0.348,352.722,0.541213,the target may be on the neighbor on the north (Rstar 1.3; dmag=6).,,,1.88,0.03,3.88756,0.167383,1176,5883,52.4,318.46,9
167418898,383.01,PC,99.609505,-67.656173,10.179,0.018,1335.77232,0.00124,10.98042,0.00025,1.729,0.307,3142.6,7.96902,could be on 167418903,4.25,0.12,1.68,0.04,10.334,0.574855,811,6077,72,71.996,39
155995204,384.01,PC,7.658508,-52.049388,13.481,0.019,1357.58381,0.00235,9.30734,0.00218,4.683,0.274,42774.4,1444.99,big;,4.34,,1.35,0.01,30.7623,5.66372,1163,5819,31.3,304.138,26
300810086,385.01,PC,116.814028,-69.0307,8.983,0.017,1326.06183,0.00173,0.66797,4.00E-05,0.769,0.241,512.633,4.45722,maybe not on target,3.5,0.38,3.65,0.17,9.08074,0.945348,1728,5070.6,118.2,1481.4,15
238059180,386.01,PC,104.138389,-53.545486,9.97,0.018,1356.21389,0.00392,5.112,0.00132,1.27,0.455,1381.3,7.92283,v-shaped; two stars about 1as separation in same pixel,4.1,1.42,,,,,1404,8681,376.1,645.475,17
422655579,388.01,PC,29.263334,0.758835,10.141,0.018,1413.143411,0.000853,2.903458,0.00019,5.047564,0.064912,4657.875762,101.2635,WASP-71b,3.92334,0,2.26,0,15.617081,0.324283,1869.267469,6059,0,2885.405093,27.757355
250386181,390.01,PC,30.114395,-4.985569,9.88,0.019,1412.374564,0.000777,1.470258,7.90E-05,1.37737,0.065475,2586.506638,97.61957,follow-up in progress,4.1984,0.096,1.05111,0.116039,8.656736,6.542141,1937.946959,6321.46,53.5103,3333.408567,26.752861
382391899,391.01,PC,43.688073,-10.89808,11.008,0.018,1411.092942,0.000209,1.95512,2.70E-05,1.814349,0.014709,20043.8552,127.17992,WASP-50b,4.53926,0,0.84,0,12.826544,0.07434,1272.389585,5400,0,619.443106,158.09418
328350926,392.01,PC,46.931654,0.861311,8.253,0.018,1411.599,0.00022,0.84907,1.00E-05,1.358,0.03,19411.7,359.355,same pixel as 328350925 and 328350924,,,1.42,0.04,21.7335,3.0126,2504,5624.7,74.5,6528.8,216
29960109,393.01,PC,42.2493,-14.5379,10.72,0.219,1411.66942,0.00298,2.49221,0.00061,1.605,0.221,1213.94,3.7192,may be on 29960110,4.72,0.34,0.57,0.08,2.17691,0.33658,798,3856,68,67.6112,12
38541473,395.01,PC,56.304548,-10.973384,10.781,0.036,1415.51522,0.00173,6.06054,0.00116,2.59,0.239,22776.6,1217.37,large; possible EB,,,1.53,0.08,25.4732,6.01952,1205,5949.2,147.6,351.008,18
178155732,396.01,PC,42.984364,-30.814529,5.91,0.019,1415.634283,0.001447,5.97188,0.000771,2.812894,0.287702,316.022226,26.024124,follow-up in progress,4.438,0,1.30484,0.118929,2.372938,1.086509,1146.171994,6308.31,52.7451,407.868505,10.478373
178155732,396.02,PC,42.984364,-30.814529,5.91,0.019,1412.77464,0.002032,3.586159,0.000501,2.718758,0.175932,202.98306,20.501322,second candidate in system; follow-up in progress,4.438,0,1.30484,0.118929,1.980951,0.455593,1358.554169,6308.31,52.7451,805.061095,9.274522
1129033,398.01,PC,37.155148,-7.060682,9.502,0.017,1410.984711,8.20E-05,1.360025,7.00E-06,2.156334,0.007497,16380.62481,42.159786,WASP-77A b,4.48298,0,0.95,0,12.20825,0.041732,1525.522472,5500,0,1279.957175,348.1485
35857242,400.01,PC,41.63909,-0.463937,11.263,0.018,1413.315221,0.000913,3.634653,0.000217,4.004575,0.068333,8885.292377,158.51228,WASP-138b,4.25771,0,1.36,0,13.13634,0.230885,1451.011444,6272,0,1047.621379,39.15109
120896927,402.01,PC,36.868245,-27.635184,8.26509,0.017027,1411.463494,0.00277,4.755833,0.000856,2.573288,0.314131,406.143083,36.74893,,4.37657,0.066896,0.887665,0.080735,1.899079,0.759223,974.045059,5175.2,23.6172,212.73414,10.392367
120896927,402.02,PC,36.868245,-27.635184,8.26509,0.017027,1414.547596,0.002227,17.2148,,2.048477,0.488976,609.416369,61.613567,follow-up in progress,4.37657,0.066896,0.887665,0.080735,2.210121,2.545252,634.79151,5175.2,23.6172,38.37474,10.660744
257567854,403.01,PC,52.818043,-23.819696,11.164,0.018,1411.901592,0.000546,3.532822,0.000138,3.44312,0.046901,11283.61942,137.88638,WASP-22b,4.34152,0,1.25,0,13.474905,0.184494,1372.120697,6153,0,837.703372,88.35828
166833457,404.01,PC,58.428804,-34.328198,12.315,0.019,1413.166675,0.000463,2.962482,0.000103,1.931425,0.029495,28072.63165,353.9316,WASP-98b,4.60845,0,0.74,0,13.280845,0.142448,1070.49542,5473,0,310.356078,78.312546
153065527,406.01,PC,49.2624,-42.2424,11.222,0.04,1388.56658,0.00433,13.17363,0.00243,2.199,0.638,2087.47,7.78236,,4.94,0.4,0.31,0.05,1.55296,0.27801,438,3349,63,6.13004,10
349518800,407.01,PC,111.211769,-62.092491,12.705,0.018,1326.66101,0.00166,2.16555,6.00E-05,3.471,0.147,4453.64,1.67333,possible EB; check 349518801 with photometric follow-up,4.26,,1.88,0.2,13.8175,1.47188,1846,5830,333.4,1928.88,29
100990000,411.01,PC,54.819851,-42.762575,7.74,0.019,1386.18895,0.00691,9.57219,0.00255,3.304,0.765,237.683,0.835883,,4.39,0.26,1.14,0.03,1.92697,0.128236,1009,6115.6,91.9,172.529,11
100990000,411.02,PC,54.819851,-42.762575,7.74,0.019,1385.74199,0.00691,4.03809,0.00255,2.5,0.765,160,0.835883,second planet candidate; follow-up in progress,4.39,0.26,1.14,0.03,1.5,0.15,1271,6115.6,91.9,434,10.5
7624182,412.01,PC,64.311397,-38.844151,8.768,0.019,1411.815795,0.00066,1.108467,5.20E-05,1.099309,0.139281,859.958482,34.553566,hot star; could still be a planet,3.80083,0.468308,3.06846,0.659386,9.470089,2.913827,4064.811993,8666,229,64518.29095,20.24239
170634116,413.01,PC,66.370903,-30.600444,9.675,0.018,1412.892196,0.000266,3.662382,6.80E-05,3.784056,0.019443,12455.98295,83.44921,WASP-79b,4.20892,0,1.53,0,17.912843,0.082892,1582.579593,6600,0,1482.460898,157.80495
325680697,414.01,EB,36.853348,-12.038913,9.125,0.02,1411.517989,0.000337,1.824848,4.00E-05,1.96736,0.029417,5926.45502,56.519302,follow-up in progress; possible EB,3.51,0.12,1.29185,0.131313,16.707169,5.255094,2220.059506,5773.74,76,5740.893145,119.0694
152476657,415.01,PC,62.616051,-45.898221,10.551,0.018,1411.729736,0.000855,3.610839,0.000214,3.500788,0.062768,5558.645442,111.734764,WASP-120b,4.03776,0,1.87,0,14.927136,0.232939,1715.872231,6450,0,2048.617062,49.219807
178284730,418.01,PC,60.385614,-20.451086,10.261,0.019,1412.697264,0.00019,2.23598,3.00E-05,1.533632,0.01218,19644.67057,274.4483,WASP-140b,4.51363,0,0.87,0,14.149413,0.210841,1203.905258,5260,0,496.46684,151.72057
94986319,421.01,PC,81.853443,-14.276947,9.216,0.017,1440.1431,0.00127,16.04807,0.0004,3.703,0.19,9183.67,583.447,the target may also be on 94986312; need SG1 to check which one has the signal,4.36,2,0.88,0.03,9.28272,2.35896,980,5272.3,84.9,153.719,51
117979455,422.01,PC,71.803187,-17.253066,8.924,0.018,1438.29783,0.00192,0.63322,7.00E-05,0.576,0.151,1133.72,16.2524,needs SG1 to check if target is this star or 117979850,4.34,2,1.43,0.1,5.30602,0.732131,1473,5795.1,195,782.879,11
43647325,423.01,PC,76.081788,-6.229818,10.41,0.02,1440.12315,0.00023,3.16164,6.00E-05,3.067,0.042,16457.8,0.580572,WASP-35b,4.39,,1.13,0.06,15.9255,0.843186,1407,5904,156.8,651.247,329
117979694,424.01,PC,71.921335,-17.745092,10.453,0.018,1438.72101,0.00317,0.99114,0.00024,1.623,0.244,660.733,1.49485,,4.62,0.32,0.73,0.02,2.06229,0.11105,1738,5103,63.5,1514.77,16
189013224,426.01,PC,79.1022,-15.510125,9.567,0.019,1438.52905,0.0063,1.3208,0.00061,1.598,0.312,414.347,1.69836,two stars in the same pixel; target could also be 189013222; need SG1,4.49,0.26,1,0.04,2.24524,0.166471,1652,5672.4,106.5,1237.31,12
70914192,427.01,PC,64.657066,-17.419877,10.328,0.019,1438.32766,0.0003,0.60952,1.00E-05,1.023,0.023,27296.3,1264.9,"V-shaped; depth is actually 5ppt; there is a dmag 4 neighbor at 2.5""",4.34,0.36,1.09,0.02,19.7424,4.26192,2460,5271.7,43.7,6081.3,150
117979850,428.01,PC,71.81028,-17.24836,7.788,0.018,1438.29579,0.00192,0.63324,9.00E-05,0.462,0.106,457.074,3.27152,the signal also is seen on 17979455; need to check which star has the target.,3.67,0.27,2.4,0.06,5.65052,0.498335,1301,5713,70.2,475.656,12
31374837,431.01,PC,83.269151,-26.724584,8.113,0.019,1440.63138,0.00096,12.45941,0.0008,3.353,0.465,2049.26,1.11236,,4.41,0.22,0.78,0.03,3.86782,0.192989,741,4771,107.5,50.1873,58
188989177,433.01,PC,78.77844,-15.100444,9.098,0.017,1438.29916,0.00045,1.17409,4.00E-05,1.701,0.047,15161.7,704.605,secondary eclipse; two stars in the same pixel; depth is 3.6 ppt,3.74,0.57,3.72,0.16,50.4456,11.0935,3578,7765.2,167.9,27221.5,101
78055054,434.01,PC,80.53816,-30.970843,12.775,0.019,1469.971583,0.000739,4.388525,0.000305,3.041061,0.064183,26282.1623,411.7118,HATS-43,4.46488,2.00365,0.90834,0.90834,14.761666,14.764298,970.837484,5175,182,209.945779,52.053493
44647437,435.01,PC,59.41046,-25.189962,12.829,0.019,1411.84583,0.00602,3.35319,0.00062,1.959,0.296,2917.67,7.89275,,,,0.59,0.03,3.53005,0.2633,810,4168.8,114.9,71.6886,13
32499655,437.01,PC,84.326774,-27.972613,13.468,0.018,1470.442042,0.00133,2.744154,0.00032,1.206148,0.193708,13851.04875,783.1242,HATS-44; GAIA radius 0.9Rsun; Rp=10.785 Re,4.438,0,1,0,11.701744,2.304704,1094.664464,4860,171,339.347833,17.209833
468880077,438.01,PC,56.504316,9.990412,9.401,0.017,1441.05616,0.00628,5.8076,0.00281,1.802,0.405,897.312,2.85588,need SG1 to check star 468880075,,,0.81,0.03,2.67609,0.178971,792,5175,93,65.3399,10
13021029,439.01,PC,75.299663,-26.054143,11.668,0.019,1439.12362,0.00094,3.85605,0.00024,3.918,0.176,8294.17,1.31453,WASP-61b,4.26,,1.32,0.04,13.2686,0.467783,1609,6407,105.8,1114.64,85
70899085,442.01,PC,64.19,-12.084,10.662,0.04,1438.38552,0.00064,4.05203,0.00016,1.299,0.053,4839.07,2.46116,,4.72,0.34,0.51,0.02,3.8945,0.164832,578,4100.6,72.5,18.5809,55
117979897,443.01,PC,71.824416,-17.115154,12.02,0.019,1439.87246,0.00106,3.3106,0.00025,3.589,0.135,7844.13,2.09593,WASP-141b,4.26,,1.36,0.05,13.2692,0.548937,1528,5928,114.4,905.473,71
179034327,444.01,PC,64.18414,-26.765912,9.073,0.036,1417.58759,0.0035,17.97429,0.00207,3.904,0.272,883.495,0.629689,,4.55,0.42,0.78,0.04,2.54738,0.133706,612,5135,117.6,23.3283,24
14091704,445.01,PC,77.323426,-36.590988,9.136,0.018,1438.41729,0.0006,0.76502,3.00E-05,1.028,0.163,1901.36,3.64386,V-shaped;,3.97,0.11,1.6,0.06,7.67076,0.453215,2316,6307.9,124.2,4780.34,74
1528696,448.01,PC,75.795414,-30.399349,13.073,0.02,1438.40559,0.00109,0.88202,7.00E-05,0.58,0.093,38108.5,2345.85,depth is 8 ppt,4.54,0.26,0.66,0.03,14.0903,3.54534,1262,4975,104.1,421.196,33
139528693,449.01,PC,63.75624,-22.116432,11.765,0.019,1440.37673,0.00075,2.17542,0.00014,4.64,0.066,6863.25,0.665662,WASP-78b,4.1,,2.01,0.05,18.3116,0.451173,2275,6316.5,72.9,4446.86,93
77951245,450.01,PC,79.004939,-31.412704,12.375,0.018,1475.312904,0.00044,10.71473,0.00061,2.051171,0.048144,56953.98861,1230.5623,follow-up in progress,4.438,0,1,0,34.284413,19.19111,436.840479,3054,0,8.606221,73.7741
257605131,451.01,PC,62.966444,-37.939784,10.236,0.018,1416.62451,0.00447,8.18554,0.00177,4.436,1.068,1853.42,7.97841,may also be 2x period,4.53,0.28,0.83,0.14,3.95155,0.689999,1193,5530.2,520.3,337.2,15
139733308,452.01,PC,67.222871,-21.481923,11.852,0.018,1441.13252,0.00141,4.76407,0.00049,3.079,0.282,11436,6.45925,HATS-5b,4.53,,0.88,0.04,10.359,0.569981,1082,5220.1,129,227.701,70
452808876,453.01,PC,72.660671,1.893921,9.514,0.018,1438.96587,0.0004,2.70582,8.00E-05,4.968,0.031,6400.29,0.107904,WASP-82b,3.97,,2.24,0.12,19.7436,1.02609,2033,6087.1,160,2836.68,205
153077621,454.01,PC,49.6602,-42.6424,9.441,0.037,1414.220898,0.001199,18.082538,0.001595,2.283672,0.096761,8669.170296,523.15497,two stars in same pixel,4.95373,0.559906,0.296,0.07,3.361982,0.910162,267.233131,3321,117,1.205264,29.274185
98796344,455.01,PC,45.4642,-16.5934,8.64,0.018,1412.708786,0.00091,5.358807,0.000351,1.364837,0.188153,2498.079231,168.20534,two stars on the same pixel; could also be 98796342,4.97389,0.060229,0.271,0.008,1.368307,0.364177,420.370338,3562,83,7.379879,13.6348
77228304,456.01,PC,69.116194,-41.246255,15.703,0.018,1410.950284,0.002187,0.336838,5.30E-05,0.908159,0.225093,20088.64943,4115.999,possibly an M star; relatively high proper motion in GAIA,4.438,0,1,0,19.123224,44.03585,2619.601034,5780,0,11129.14023,7.209585
89256802,457.01,PC,58.7249,-26.4237,13.801,0.273,1411.56089,0.001288,1.176044,0.000103,0.982435,0.097701,15114.52373,1592.3192,hint of odd-even,5.08962,0.539242,0.183,0.041,2.805385,1.522052,535.361631,3054,97,19.413774,13.896864
64071894,458.01,PC,39.135794,-22.245123,9.595,0.018,1414.163706,0.002296,17.529885,0.003168,2.174637,0.349883,1272.536936,125.4492,two stars in same pixel,4.5371,0.278842,0.834429,0.104884,3.127249,1.136508,585.538905,5164,182,27.780754,10.18843
9804616,460.01,PC,47.6431,-9.2768,14.121,0.04,1411.065871,0.000479,0.516835,1.60E-05,0.936413,0.044024,33190.70691,1349.0933,faint target star,4.9794,0.522163,0.273,0.06,6.597837,3.470252,841.788182,3274,101,118.667639,25.98026
4646810,461.01,PC,38.272058,-10.351773,8.81803,0.016797,1416.345972,0.00194,14.490034,0.002807,1.59402,0.35676,904.80174,96.06468,may be two single transits,4.49,0.18,0.781407,0.083917,2.56584,1.066955,594.310035,4884,96,29.483107,9.984915
420049884,462.01,PC,36.276352,1.323725,10.605,0.018,1414.821002,0.004905,4.106842,0.001393,3.142685,0.698093,914.990786,103.69129,,4.45924,2.00371,0.918571,0.918571,2.807559,3.564245,1002.330958,5205,183,238.542397,9.138309
176831592,463.01,PC,48.956916,-32.802464,9.062,0.021,1411.535068,0.001297,1.266876,9.70E-05,1.976753,0.082404,3508.552918,124.85697,some odd-even,4.17,0.16,1.57512,0.179832,15.186363,10.251426,2263.887485,6497.8,83,6207.837728,26.012814
398733009,464.01,PC,32.16976,-9.046048,15.722,0.029,1411.561846,0.00143,0.818498,8.20E-05,0.944231,0.133635,54403.6358,4370.912,bright stars nearby,5.59998,0,0.18,0,4.470249,0.227883,5027.502494,31000,0,150983.7405,10.879834
270380593,465.01,PC,32.781778,2.418047,10.661,0.018,1414.135825,0.000701,3.836317,0.000229,2.389717,0.084547,5578.265805,120.81916,WASP-156,4.60108,0,0.76,0,5.63586,0.362515,887.523592,4910,0,146.636007,34.84919
4616072,466.01,PC,101.994258,-21.910706,12.829,0.018,1469.061662,0.002086,4.18599,0.000656,2.846073,0.152545,12941.97292,555.39667,HATS-45,4.20094,0,1.5613,1.48549,19.057358,18.143288,1540.720528,6675,195,1331.730904,20.633278
20178111,467.01,PC,89.897514,-40.39577,10.244,0.018,1468.622239,0.001911,1.734422,0.000265,2.183707,0.104703,1813.322633,142.08736,could be on 20178112,4.48757,0.273706,0.976838,0.120244,5.13675,0.694865,1510.845791,5890,191,1231.406829,16.904505
33521996,468.01,PC,88.146797,-19.031654,13.292,0.018,1469.31168,0.000545,3.325285,0.000149,1.99828,0.045672,36142.73389,526.0874,HATS-6; GAIA Rstar=0.7Rsun,4.68255,0,0.57,0,10.983007,0.176058,652.231554,3724,0,42.768914,68.375946
33692729,469.01,PC,93.058225,-14.650035,8.719,0.019,1474.567411,0.001922,13.632935,0.00264,4.422229,0.176513,1207.715363,56.476704,,4.5101,0.263951,0.988478,0.110174,3.685246,0.458452,783.527882,6114,194,89.071512,19.369371
37770169,470.01,PC,94.009658,-25.031129,10.65,0.018,1474.492121,0.002071,12.194398,0.002908,3.137287,0.334608,2609.354512,144.83018,bright star to N,4.57259,0.29621,0.83213,0.112169,4.255776,1.148177,683.649319,5418,185,51.624344,18.219587
47911178,471.01,PC,98.351101,-23.486203,9.776,0.018,1470.303946,0.000269,3.585617,8.40E-05,2.720185,0.02,12321.04588,75.38276,WASP-101,4.34435,0,1.29,0,15.523709,0.073182,1426.087739,6400,0,977.475737,179.14503
52280468,472.01,PC,99.866803,-33.540286,12.29,0.018,1468.725188,6.50E-05,0.56826,3.00E-06,1.093578,0.005602,82635.60011,403.07355,no GAIA radius with Teff 3869K; large planet around an M star if real,4.438,0,1,0,41.564594,7.770934,1254.071054,3294,0,584.53373,337.59433
52640302,473.01,PC,101.115035,-32.858403,11.988,0.018,1469.590346,0.000669,1.573285,8.80E-05,2.440019,0.050125,17145.07065,284.49948,WASP-64,4.38782,0,1.06,0,14.27412,0.253362,1507.13867,5400,0,1219.365361,38.977436
59843967,474.01,PC,94.112075,-22.546884,12.696,0.018,1468.52065,0.000797,2.516825,0.000167,2.534952,0.066669,17324.82637,307.00836,HATS-4,4.50146,0,0.93,0,12.260274,0.315132,1207.726912,5403,0,502.800819,34.0931
100608026,475.01,PC,86.747994,-32.533083,10.773,0.018,1475.526163,0.003164,8.266552,0.004442,2.180063,0.677387,1646.009747,189.94168,,4.60015,0.224825,0.665406,0.063972,2.66914,2.903126,562.093725,4105,171,23.591521,9.327839
156987351,476.01,PC,99.581432,-47.613869,8.853,0.02,1469.873622,0.001779,3.062959,0.000493,3.926219,0.061298,6560.316755,333.77582,check timing of possible pulsations; giant planet or EB; GAIA Rstar=2.3Rsun,4.11671,0.365191,1.94596,0.287747,16.945509,2.542714,2110.833525,7691,215,4691.772379,9.201258
170102285,477.01,PC,101.127585,-42.761845,11.682,0.018,1470.661164,0.000354,2.944405,9.90E-05,2.45336,0.028374,21404.51298,183.15036,WASP-23,4.55754,0,0.77,0,11.440339,0.11837,1036.129723,5150,0,272.381453,123.08949
172464366,478.01,PC,100.158828,-27.571419,11.056,0.018,1470.046418,0.000448,2.921685,0.000125,3.17791,0.030233,17562.44572,227.46902,centroid shift because of nearby bright star; some phase variation (non-synchronized) and possible secondary; DR2 RVs show 6.4 km/s scatter.,4.26074,0.377655,1.37266,0.22851,19.091127,3.182325,1576.090815,6332,196,1458.296906,79.50801
306362738,479.01,PC,91.089454,-16.965303,10.77,0.018,1470.819699,0.000351,2.781764,9.60E-05,2.140641,0.02533,13196.87996,123.6283,WASP-49,4.4291,0,0.98,0,12.284557,0.101323,1255.692248,5600,0,587.562209,115.488434
317548889,480.01,PC,88.378664,-16.264964,6.781,0.02,1469.565838,0.002004,6.866196,0.001569,3.556117,0.461265,345.232052,25.932364,centroid shift may be smaller than reported,4.438,0,1.62576,0.147934,3.083112,1.799577,1117.704692,6212.63,49.0057,368.832599,12.347524
339672028,481.01,PC,110.512484,-57.384861,9.37,0.018,1470.316373,0.000823,10.331624,0.001158,5.817689,0.078783,4590.231151,67.77662,possible hot Jupiter,3.97699,0.288134,1.72714,0.226253,12.084461,1.596338,1090.276948,5760,189,333.939906,72.241066
365639282,482.01,PC,81.3986,8.4409,13.088,0.066,1472.41279,0.004222,10.8717,0.00594,2.943958,0.429073,14603.37238,1752.6406,likely EB on 365639292; wrong period because triggering on spurious event at TJD 1469 instead of transit at TJD 1473. Transit is deeper than reported depth.,4.78092,0.353337,0.488,0.074,9.098964,23.361732,373.250606,3692,65,4.58694,11.663487
393414358,483.01,PC,94.336431,-38.323257,10.417,0.018,1469.697416,0.000664,4.378015,0.000271,5.415178,0.058142,7120.322643,63.151173,WASP-63,4.01069,0,1.88,0,15.908963,0.229485,1405.362415,5570,0,921.879887,107.9839
427348923,484.01,PC,83.531989,-0.207845,11.617,0.018,1468.427009,0.004125,4.730624,0.001619,4.319769,0.485811,2136.204613,160.96643,"could be on 427348561 which is 3x as large (2 Rsun) and 33% fainter; depth in 561 is 14.4 ppt so Rp=26 Re,assuming Gaia lower percentile R* = 1.99.",4.57,0.13,0.693875,0.110429,3.153407,1.244616,743.478254,4425,90,72.209458,9.913417
427352241,485.01,PC,83.623049,-4.414893,9.969,0.018,1468.825486,0.002161,1.264563,0.00023,2.263794,0.16145,1627.93774,106.862656,2 stars in same pixel; dmag 0.4,4.28965,2.00468,1.26709,1.26709,8.411166,12.036409,1953.662802,6084,193,3442.86055,15.106661
260708537,486.01,PC,98.4582,-58.5285,9.342,0.033,1326.994371,0.002471,1.74406,0.000101,1.248441,0.422266,192.208972,28.891077,marginal,4.85243,0.061474,0.427,0.013,0.60546,1.234792,668.009609,3445,87,47.059991,7.764136
31852980,487.01,PC,52.539741,-70.399731,9.821,0.02,1330.912409,0.008239,24.321828,0.00637,6.173829,0.573603,616.968218,73.95547,reexamine period; DO NOT ALERT,4.40968,2.00408,1.0083,1.0083,2.95374,2.965896,600.477896,5450,185,30.726218,8.367675
31852980,487.02,PC,52.539741,-70.399731,9.821,0.02,1327.136586,0.004685,7.412842,0.001096,3.818254,0.534323,416.984658,47.315025,reexamine period in s03 multi; DO NOT ALERT,4.40968,2.00408,1.0083,1.0083,2.120792,2.435508,892.27935,5450,185,149.804331,7.50495